#E_pot  E_kin  T  P
-1.668477e-05 7.442475e+02 2.983747e+02 8.239014e+02
-1.686059e-05 7.442475e+02 2.983747e+02 8.239014e+02
-1.708589e-05 7.442475e+02 2.983747e+02 8.239014e+02
-1.736303e-05 7.442475e+02 2.983747e+02 8.239014e+02
-1.769479e-05 7.442475e+02 2.983747e+02 8.239014e+02
-1.808446e-05 7.442475e+02 2.983747e+02 8.239014e+02
-1.853581e-05 7.442475e+02 2.983747e+02 8.239014e+02
-1.905325e-05 7.442475e+02 2.983747e+02 8.239014e+02
-1.964179e-05 7.442475e+02 2.983747e+02 8.239014e+02
-2.030719e-05 7.442475e+02 2.983747e+02 8.239014e+02
-2.105603e-05 7.442475e+02 2.983747e+02 8.239014e+02
-2.189579e-05 7.442475e+02 2.983747e+02 8.239014e+02
-2.283503e-05 7.442475e+02 2.983747e+02 8.239014e+02
-2.388349e-05 7.442475e+02 2.983747e+02 8.239014e+02
-2.505226e-05 7.442475e+02 2.983747e+02 8.239014e+02
-2.635401e-05 7.442475e+02 2.983747e+02 8.239014e+02
-2.780319e-05 7.442475e+02 2.983747e+02 8.239014e+02
-2.941632e-05 7.442475e+02 2.983747e+02 8.239014e+02
-3.121227e-05 7.442475e+02 2.983747e+02 8.239014e+02
-3.321266e-05 7.442475e+02 2.983747e+02 8.239014e+02
-3.544226e-05 7.442475e+02 2.983747e+02 8.239014e+02
-3.792949e-05 7.442475e+02 2.983747e+02 8.239014e+02
-4.070702e-05 7.442475e+02 2.983747e+02 8.239014e+02
-4.381243e-05 7.442475e+02 2.983747e+02 8.239014e+02
-4.728902e-05 7.442475e+02 2.983747e+02 8.239014e+02
-5.118670e-05 7.442475e+02 2.983747e+02 8.239014e+02
-5.556313e-05 7.442476e+02 2.983747e+02 8.239014e+02
-6.048496e-05 7.442476e+02 2.983747e+02 8.239014e+02
-6.602931e-05 7.442476e+02 2.983747e+02 8.239014e+02
-7.228549e-05 7.442476e+02 2.983747e+02 8.239014e+02
-7.935705e-05 7.442476e+02 2.983747e+02 8.239015e+02
-8.736408e-05 7.442476e+02 2.983747e+02 8.239015e+02
-9.644594e-05 7.442476e+02 2.983747e+02 8.239015e+02
-1.067644e-04 7.442476e+02 2.983747e+02 8.239015e+02
-1.185073e-04 7.442476e+02 2.983747e+02 8.239015e+02
-1.318924e-04 7.442476e+02 2.983747e+02 8.239015e+02
-1.471728e-04 7.442476e+02 2.983747e+02 8.239015e+02
-1.646412e-04 7.442477e+02 2.983747e+02 8.239015e+02
-1.846368e-04 7.442477e+02 2.983747e+02 8.239016e+02
-2.075514e-04 7.442477e+02 2.983747e+02 8.239016e+02
-2.338366e-04 7.442477e+02 2.983748e+02 8.239016e+02
-2.640111e-04 7.442478e+02 2.983748e+02 8.239017e+02
-2.986688e-04 7.442478e+02 2.983748e+02 8.239017e+02
-3.384861e-04 7.442478e+02 2.983748e+02 8.239017e+02
-3.842287e-04 7.442479e+02 2.983748e+02 8.239018e+02
-4.367569e-04 7.442479e+02 2.983748e+02 8.239018e+02
-4.970285e-04 7.442480e+02 2.983749e+02 8.239019e+02
-5.660967e-04 7.442481e+02 2.983749e+02 8.239020e+02
-6.451030e-04 7.442481e+02 2.983749e+02 8.239021e+02
-7.352612e-04 7.442482e+02 2.983750e+02 8.239022e+02
-8.378294e-04 7.442483e+02 2.983750e+02 8.239023e+02
-9.540684e-04 7.442485e+02 2.983750e+02 8.239024e+02
-1.085181e-03 7.442486e+02 2.983751e+02 8.239026e+02
-1.232229e-03 7.442487e+02 2.983752e+02 8.239027e+02
-1.396028e-03 7.442489e+02 2.983752e+02 8.239029e+02
-1.577016e-03 7.442491e+02 2.983753e+02 8.239031e+02
-1.775099e-03 7.442493e+02 2.983754e+02 8.239033e+02
-1.989480e-03 7.442495e+02 2.983755e+02 8.239036e+02
-2.218482e-03 7.442497e+02 2.983756e+02 8.239038e+02
-2.459387e-03 7.442500e+02 2.983757e+02 8.239041e+02
-2.708316e-03 7.442502e+02 2.983758e+02 8.239044e+02
-2.960167e-03 7.442505e+02 2.983759e+02 8.239046e+02
-3.208666e-03 7.442507e+02 2.983760e+02 8.239049e+02
-3.446538e-03 7.442509e+02 2.983760e+02 8.239052e+02
-3.665819e-03 7.442512e+02 2.983761e+02 8.239054e+02
-3.858314e-03 7.442514e+02 2.983762e+02 8.239056e+02
-4.016159e-03 7.442515e+02 2.983763e+02 8.239058e+02
-4.132439e-03 7.442516e+02 2.983763e+02 8.239059e+02
-4.201792e-03 7.442517e+02 2.983763e+02 8.239060e+02
-4.220911e-03 7.442517e+02 2.983764e+02 8.239060e+02
-4.188860e-03 7.442517e+02 2.983763e+02 8.239060e+02
-4.107173e-03 7.442516e+02 2.983763e+02 8.239059e+02
-3.979698e-03 7.442515e+02 2.983763e+02 8.239058e+02
-3.812228e-03 7.442513e+02 2.983762e+02 8.239056e+02
-3.611971e-03 7.442511e+02 2.983761e+02 8.239054e+02
-3.386931e-03 7.442509e+02 2.983760e+02 8.239051e+02
-3.145301e-03 7.442506e+02 2.983759e+02 8.239048e+02
-2.894917e-03 7.442504e+02 2.983758e+02 8.239046e+02
-2.642840e-03 7.442501e+02 2.983757e+02 8.239043e+02
-2.395074e-03 7.442499e+02 2.983756e+02 8.239040e+02
-2.156428e-03 7.442497e+02 2.983755e+02 8.239038e+02
-1.930498e-03 7.442494e+02 2.983754e+02 8.239035e+02
-1.719738e-03 7.442492e+02 2.983754e+02 8.239033e+02
-1.525601e-03 7.442490e+02 2.983753e+02 8.239031e+02
-1.348701e-03 7.442488e+02 2.983752e+02 8.239029e+02
-1.188993e-03 7.442487e+02 2.983751e+02 8.239027e+02
-1.045938e-03 7.442485e+02 2.983751e+02 8.239025e+02
-9.186543e-04 7.442484e+02 2.983750e+02 8.239024e+02
-8.060402e-04 7.442483e+02 2.983750e+02 8.239023e+02
-7.068767e-04 7.442482e+02 2.983749e+02 8.239021e+02
-6.199031e-04 7.442481e+02 2.983749e+02 8.239021e+02
-5.438726e-04 7.442480e+02 2.983749e+02 8.239020e+02
-4.775910e-04 7.442480e+02 2.983749e+02 8.239019e+02
-4.199409e-04 7.442479e+02 2.983748e+02 8.239018e+02
-3.698954e-04 7.442479e+02 2.983748e+02 8.239018e+02
-3.265240e-04 7.442478e+02 2.983748e+02 8.239017e+02
-2.889930e-04 7.442478e+02 2.983748e+02 8.239017e+02
-2.565617e-04 7.442478e+02 2.983748e+02 8.239016e+02
-2.285768e-04 7.442477e+02 2.983748e+02 8.239016e+02
-2.044649e-04 7.442477e+02 2.983747e+02 8.239016e+02
-1.837251e-04 7.442477e+02 2.983747e+02 8.239016e+02
-1.659205e-04 7.442477e+02 2.983747e+02 8.239015e+02
-1.506707e-04 7.442476e+02 2.983747e+02 8.239015e+02
-1.376446e-04 7.442476e+02 2.983747e+02 8.239015e+02
-1.265534e-04 7.442476e+02 2.983747e+02 8.239015e+02
-1.171446e-04 7.442476e+02 2.983747e+02 8.239015e+02
-1.091966e-04 7.442476e+02 2.983747e+02 8.239015e+02
-1.025137e-04 7.442476e+02 2.983747e+02 8.239015e+02
-9.692166e-05 7.442476e+02 2.983747e+02 8.239015e+02
-9.226469e-05 7.442476e+02 2.983747e+02 8.239015e+02
-8.840197e-05 7.442476e+02 2.983747e+02 8.239015e+02
-8.520544e-05 7.442476e+02 2.983747e+02 8.239015e+02
-8.255799e-05 7.442476e+02 2.983747e+02 8.239015e+02
-8.035210e-05 7.442476e+02 2.983747e+02 8.239015e+02
-7.848906e-05 7.442476e+02 2.983747e+02 8.239015e+02
-7.687859e-05 7.442476e+02 2.983747e+02 8.239014e+02
-7.543879e-05 7.442476e+02 2.983747e+02 8.239014e+02
-7.409639e-05 7.442476e+02 2.983747e+02 8.239014e+02
-7.278716e-05 7.442476e+02 2.983747e+02 8.239014e+02
-7.145633e-05 7.442476e+02 2.983747e+02 8.239014e+02
-7.005905e-05 7.442476e+02 2.983747e+02 8.239014e+02
-6.856061e-05 7.442476e+02 2.983747e+02 8.239014e+02
-6.693646e-05 7.442476e+02 2.983747e+02 8.239014e+02
-6.517194e-05 7.442476e+02 2.983747e+02 8.239014e+02
-6.326171e-05 7.442476e+02 2.983747e+02 8.239014e+02
-6.120889e-05 7.442476e+02 2.983747e+02 8.239014e+02
-5.902389e-05 7.442476e+02 2.983747e+02 8.239014e+02
-5.672314e-05 7.442476e+02 2.983747e+02 8.239014e+02
-5.432757e-05 7.442476e+02 2.983747e+02 8.239014e+02
-5.186122e-05 7.442475e+02 2.983747e+02 8.239014e+02
-4.934975e-05 7.442475e+02 2.983747e+02 8.239014e+02
-4.681922e-05 7.442475e+02 2.983747e+02 8.239014e+02
-4.429490e-05 7.442475e+02 2.983747e+02 8.239014e+02
-4.180043e-05 7.442475e+02 2.983747e+02 8.239014e+02
-3.935709e-05 7.442475e+02 2.983747e+02 8.239014e+02
-3.698337e-05 7.442475e+02 2.983747e+02 8.239014e+02
-3.469473e-05 7.442475e+02 2.983747e+02 8.239014e+02
-3.250352e-05 7.442475e+02 2.983747e+02 8.239014e+02
-3.041905e-05 7.442475e+02 2.983747e+02 8.239014e+02
-2.844778e-05 7.442475e+02 2.983747e+02 8.239014e+02
-2.659359e-05 7.442475e+02 2.983747e+02 8.239014e+02
-2.485811e-05 7.442475e+02 2.983747e+02 8.239014e+02
-2.324104e-05 7.442475e+02 2.983747e+02 8.239014e+02
-2.174046e-05 7.442475e+02 2.983747e+02 8.239014e+02
-2.035322e-05 7.442475e+02 2.983747e+02 8.239014e+02
-1.907518e-05 7.442475e+02 2.983747e+02 8.239014e+02
-1.790152e-05 7.442475e+02 2.983747e+02 8.239014e+02
-1.682691e-05 7.442475e+02 2.983747e+02 8.239014e+02
-1.584580e-05 7.442475e+02 2.983747e+02 8.239014e+02
-1.495250e-05 7.442475e+02 2.983747e+02 8.239014e+02
-1.414134e-05 7.442475e+02 2.983747e+02 8.239014e+02
-1.340680e-05 7.442475e+02 2.983747e+02 8.239014e+02
-1.274353e-05 7.442475e+02 2.983747e+02 8.239014e+02
-1.214646e-05 7.442475e+02 2.983747e+02 8.239014e+02
-1.161079e-05 7.442475e+02 2.983747e+02 8.239014e+02
-1.113207e-05 7.442475e+02 2.983747e+02 8.239014e+02
-1.070614e-05 7.442475e+02 2.983747e+02 8.239014e+02
-1.032919e-05 7.442475e+02 2.983747e+02 8.239014e+02
-9.997712e-06 7.442475e+02 2.983747e+02 8.239014e+02
-9.708524e-06 7.442475e+02 2.983747e+02 8.239014e+02
-9.458722e-06 7.442475e+02 2.983747e+02 8.239014e+02
-9.245679e-06 7.442475e+02 2.983747e+02 8.239014e+02
-9.067016e-06 7.442475e+02 2.983747e+02 8.239014e+02
-8.920584e-06 7.442475e+02 2.983747e+02 8.239014e+02
-8.804436e-06 7.442475e+02 2.983747e+02 8.239014e+02
-8.716807e-06 7.442475e+02 2.983747e+02 8.239014e+02
-8.656092e-06 7.442475e+02 2.983747e+02 8.239014e+02
-8.620816e-06 7.442475e+02 2.983747e+02 8.239014e+02
-8.609616e-06 7.442475e+02 2.983747e+02 8.239014e+02
-8.621220e-06 7.442475e+02 2.983747e+02 8.239014e+02
-8.654419e-06 7.442475e+02 2.983747e+02 8.239014e+02
-8.708053e-06 7.442475e+02 2.983747e+02 8.239014e+02
-8.780987e-06 7.442475e+02 2.983747e+02 8.239014e+02
-8.872091e-06 7.442475e+02 2.983747e+02 8.239014e+02
-8.980225e-06 7.442475e+02 2.983747e+02 8.239014e+02
-9.104222e-06 7.442475e+02 2.983747e+02 8.239014e+02
-9.242872e-06 7.442475e+02 2.983747e+02 8.239014e+02
-9.394910e-06 7.442475e+02 2.983747e+02 8.239014e+02
-9.559005e-06 7.442475e+02 2.983747e+02 8.239014e+02
-9.733754e-06 7.442475e+02 2.983747e+02 8.239014e+02
-9.917675e-06 7.442475e+02 2.983747e+02 8.239014e+02
-1.010921e-05 7.442475e+02 2.983747e+02 8.239014e+02
-1.030671e-05 7.442475e+02 2.983747e+02 8.239014e+02
-1.050847e-05 7.442475e+02 2.983747e+02 8.239014e+02
-1.071271e-05 7.442475e+02 2.983747e+02 8.239014e+02
-1.091761e-05 7.442475e+02 2.983747e+02 8.239014e+02
-1.112130e-05 7.442475e+02 2.983747e+02 8.239014e+02
-1.132193e-05 7.442475e+02 2.983747e+02 8.239014e+02
-1.151764e-05 7.442475e+02 2.983747e+02 8.239014e+02
-1.170660e-05 7.442475e+02 2.983747e+02 8.239014e+02
-1.188709e-05 7.442475e+02 2.983747e+02 8.239014e+02
-1.205745e-05 7.442475e+02 2.983747e+02 8.239014e+02
-1.221618e-05 7.442475e+02 2.983747e+02 8.239014e+02
-1.236193e-05 7.442475e+02 2.983747e+02 8.239014e+02
-1.249355e-05 7.442475e+02 2.983747e+02 8.239014e+02
-1.261011e-05 7.442475e+02 2.983747e+02 8.239014e+02
-1.271092e-05 7.442475e+02 2.983747e+02 8.239014e+02
-1.279557e-05 7.442475e+02 2.983747e+02 8.239014e+02
-1.286391e-05 7.442475e+02 2.983747e+02 8.239014e+02
-1.291608e-05 7.442475e+02 2.983747e+02 8.239014e+02
-1.295252e-05 7.442475e+02 2.983747e+02 8.239014e+02
-1.297394e-05 7.442475e+02 2.983747e+02 8.239014e+02
-1.298133e-05 7.442475e+02 2.983747e+02 8.239014e+02
-1.297596e-05 7.442475e+02 2.983747e+02 8.239014e+02
-1.295932e-05 7.442475e+02 2.983747e+02 8.239014e+02
-1.293314e-05 7.442475e+02 2.983747e+02 8.239014e+02
-1.289934e-05 7.442475e+02 2.983747e+02 8.239014e+02
-1.286001e-05 7.442475e+02 2.983747e+02 8.239014e+02
-1.281737e-05 7.442475e+02 2.983747e+02 8.239014e+02
-1.277376e-05 7.442475e+02 2.983747e+02 8.239014e+02
-1.273161e-05 7.442475e+02 2.983747e+02 8.239014e+02
-1.269340e-05 7.442475e+02 2.983747e+02 8.239014e+02
-1.266165e-05 7.442475e+02 2.983747e+02 8.239014e+02
-1.263891e-05 7.442475e+02 2.983747e+02 8.239014e+02
-1.262772e-05 7.442475e+02 2.983747e+02 8.239014e+02
-1.263062e-05 7.442475e+02 2.983747e+02 8.239014e+02
-1.265013e-05 7.442475e+02 2.983747e+02 8.239014e+02
-1.268873e-05 7.442475e+02 2.983747e+02 8.239014e+02
-1.274891e-05 7.442475e+02 2.983747e+02 8.239014e+02
-1.283310e-05 7.442475e+02 2.983747e+02 8.239014e+02
-1.294373e-05 7.442475e+02 2.983747e+02 8.239014e+02
-1.308318e-05 7.442475e+02 2.983747e+02 8.239014e+02
-1.325385e-05 7.442475e+02 2.983747e+02 8.239014e+02
-1.345807e-05 7.442475e+02 2.983747e+02 8.239014e+02
-1.369818e-05 7.442475e+02 2.983747e+02 8.239014e+02
-1.397648e-05 7.442475e+02 2.983747e+02 8.239014e+02
-1.429522e-05 7.442475e+02 2.983747e+02 8.239014e+02
-1.465657e-05 7.442475e+02 2.983747e+02 8.239014e+02
-1.506262e-05 7.442475e+02 2.983747e+02 8.239014e+02
-1.551531e-05 7.442475e+02 2.983747e+02 8.239014e+02
-1.601639e-05 7.442475e+02 2.983747e+02 8.239014e+02
-1.656735e-05 7.442475e+02 2.983747e+02 8.239014e+02
-1.716937e-05 7.442475e+02 2.983747e+02 8.239014e+02
-1.782320e-05 7.442475e+02 2.983747e+02 8.239014e+02
-1.852910e-05 7.442475e+02 2.983747e+02 8.239014e+02
-1.928674e-05 7.442475e+02 2.983747e+02 8.239014e+02
-2.009512e-05 7.442475e+02 2.983747e+02 8.239014e+02
-2.095252e-05 7.442475e+02 2.983747e+02 8.239014e+02
-2.185644e-05 7.442475e+02 2.983747e+02 8.239014e+02
-2.280361e-05 7.442475e+02 2.983747e+02 8.239014e+02
-2.379004e-05 7.442475e+02 2.983747e+02 8.239014e+02
-2.481111e-05 7.442475e+02 2.983747e+02 8.239014e+02
-2.586170e-05 7.442475e+02 2.983747e+02 8.239014e+02
-2.693645e-05 7.442475e+02 2.983747e+02 8.239014e+02
-2.802995e-05 7.442475e+02 2.983747e+02 8.239014e+02
-2.913707e-05 7.442475e+02 2.983747e+02 8.239014e+02
-3.025320e-05 7.442475e+02 2.983747e+02 8.239014e+02
-3.137450e-05 7.442475e+02 2.983747e+02 8.239014e+02
-3.249814e-05 7.442475e+02 2.983747e+02 8.239014e+02
-3.362241e-05 7.442475e+02 2.983747e+02 8.239014e+02
-3.474674e-05 7.442475e+02 2.983747e+02 8.239014e+02
-3.587165e-05 7.442475e+02 2.983747e+02 8.239014e+02
-3.699861e-05 7.442475e+02 2.983747e+02 8.239014e+02
-3.812977e-05 7.442475e+02 2.983747e+02 8.239014e+02
-3.926773e-05 7.442475e+02 2.983747e+02 8.239014e+02
-4.041515e-05 7.442475e+02 2.983747e+02 8.239014e+02
-4.157454e-05 7.442475e+02 2.983747e+02 8.239014e+02
-4.274790e-05 7.442475e+02 2.983747e+02 8.239014e+02
-4.393659e-05 7.442475e+02 2.983747e+02 8.239014e+02
-4.514114e-05 7.442475e+02 2.983747e+02 8.239014e+02
-4.636124e-05 7.442475e+02 2.983747e+02 8.239014e+02
-4.759576e-05 7.442475e+02 2.983747e+02 8.239014e+02
-4.884286e-05 7.442475e+02 2.983747e+02 8.239014e+02
-5.010023e-05 7.442475e+02 2.983747e+02 8.239014e+02
-5.136532e-05 7.442475e+02 2.983747e+02 8.239014e+02
-5.263568e-05 7.442476e+02 2.983747e+02 8.239014e+02
-5.390935e-05 7.442476e+02 2.983747e+02 8.239014e+02
-5.518530e-05 7.442476e+02 2.983747e+02 8.239014e+02
-5.646389e-05 7.442476e+02 2.983747e+02 8.239014e+02
-5.774738e-05 7.442476e+02 2.983747e+02 8.239014e+02
-5.904047e-05 7.442476e+02 2.983747e+02 8.239014e+02
-6.035091e-05 7.442476e+02 2.983747e+02 8.239014e+02
-6.169008e-05 7.442476e+02 2.983747e+02 8.239014e+02
-6.307369e-05 7.442476e+02 2.983747e+02 8.239014e+02
-6.452247e-05 7.442476e+02 2.983747e+02 8.239014e+02
-6.606293e-05 7.442476e+02 2.983747e+02 8.239014e+02
-6.772820e-05 7.442476e+02 2.983747e+02 8.239014e+02
-6.955892e-05 7.442476e+02 2.983747e+02 8.239014e+02
-7.160416e-05 7.442476e+02 2.983747e+02 8.239014e+02
-7.392249e-05 7.442476e+02 2.983747e+02 8.239014e+02
-7.658306e-05 7.442476e+02 2.983747e+02 8.239014e+02
-7.966670e-05 7.442476e+02 2.983747e+02 8.239015e+02
-8.326707e-05 7.442476e+02 2.983747e+02 8.239015e+02
-8.749165e-05 7.442476e+02 2.983747e+02 8.239015e+02
-9.246262e-05 7.442476e+02 2.983747e+02 8.239015e+02
-9.831725e-05 7.442476e+02 2.983747e+02 8.239015e+02
-1.052078e-04 7.442476e+02 2.983747e+02 8.239015e+02
-1.133001e-04 7.442476e+02 2.983747e+02 8.239015e+02
-1.227716e-04 7.442476e+02 2.983747e+02 8.239015e+02
-1.338059e-04 7.442476e+02 2.983747e+02 8.239015e+02
-1.465866e-04 7.442476e+02 2.983747e+02 8.239015e+02
-1.612859e-04 7.442477e+02 2.983747e+02 8.239015e+02
-1.780509e-04 7.442477e+02 2.983747e+02 8.239016e+02
-1.969846e-04 7.442477e+02 2.983747e+02 8.239016e+02
-2.181226e-04 7.442477e+02 2.983748e+02 8.239016e+02
-2.414065e-04 7.442477e+02 2.983748e+02 8.239016e+02
-2.666551e-04 7.442478e+02 2.983748e+02 8.239017e+02
-2.935371e-04 7.442478e+02 2.983748e+02 8.239017e+02
-3.215490e-04 7.442478e+02 2.983748e+02 8.239017e+02
-3.500053e-04 7.442478e+02 2.983748e+02 8.239018e+02
-3.780449e-04 7.442479e+02 2.983748e+02 8.239018e+02
-4.046620e-04 7.442479e+02 2.983748e+02 8.239018e+02
-4.287604e-04 7.442479e+02 2.983748e+02 8.239018e+02
-4.492335e-04 7.442479e+02 2.983748e+02 8.239019e+02
-4.650595e-04 7.442480e+02 2.983749e+02 8.239019e+02
-4.754022e-04 7.442480e+02 2.983749e+02 8.239019e+02
-4.796996e-04 7.442480e+02 2.983749e+02 8.239019e+02
-4.777267e-04 7.442480e+02 2.983749e+02 8.239019e+02
-4.696194e-04 7.442480e+02 2.983749e+02 8.239019e+02
-4.558559e-04 7.442480e+02 2.983748e+02 8.239019e+02
-4.371992e-04 7.442479e+02 2.983748e+02 8.239018e+02
-4.146120e-04 7.442479e+02 2.983748e+02 8.239018e+02
-3.891592e-04 7.442479e+02 2.983748e+02 8.239018e+02
-3.619138e-04 7.442479e+02 2.983748e+02 8.239018e+02
-3.338778e-04 7.442478e+02 2.983748e+02 8.239017e+02
-3.059258e-04 7.442478e+02 2.983748e+02 8.239017e+02
-2.787734e-04 7.442478e+02 2.983748e+02 8.239017e+02
-2.529677e-04 7.442478e+02 2.983748e+02 8.239016e+02
-2.288941e-04 7.442477e+02 2.983748e+02 8.239016e+02
-2.067957e-04 7.442477e+02 2.983747e+02 8.239016e+02
-1.867978e-04 7.442477e+02 2.983747e+02 8.239016e+02
-1.689340e-04 7.442477e+02 2.983747e+02 8.239016e+02
-1.531713e-04 7.442477e+02 2.983747e+02 8.239015e+02
-1.394319e-04 7.442476e+02 2.983747e+02 8.239015e+02
-1.276114e-04 7.442476e+02 2.983747e+02 8.239015e+02
-1.175925e-04 7.442476e+02 2.983747e+02 8.239015e+02
-1.092570e-04 7.442476e+02 2.983747e+02 8.239015e+02
-1.024925e-04 7.442476e+02 2.983747e+02 8.239015e+02
-9.719953e-05 7.442476e+02 2.983747e+02 8.239015e+02
-9.329484e-05 7.442476e+02 2.983747e+02 8.239015e+02
-9.071511e-05 7.442476e+02 2.983747e+02 8.239015e+02
-8.941937e-05 7.442476e+02 2.983747e+02 8.239015e+02
-8.939139e-05 7.442476e+02 2.983747e+02 8.239015e+02
-9.064217e-05 7.442476e+02 2.983747e+02 8.239015e+02
-9.321285e-05 7.442476e+02 2.983747e+02 8.239015e+02
-9.717834e-05 7.442476e+02 2.983747e+02 8.239015e+02
-1.026519e-04 7.442476e+02 2.983747e+02 8.239015e+02
-1.097910e-04 7.442476e+02 2.983747e+02 8.239015e+02
-1.188050e-04 7.442476e+02 2.983747e+02 8.239015e+02
-1.299644e-04 7.442476e+02 2.983747e+02 8.239015e+02
-1.436130e-04 7.442476e+02 2.983747e+02 8.239015e+02
-1.601824e-04 7.442477e+02 2.983747e+02 8.239015e+02
-1.802103e-04 7.442477e+02 2.983747e+02 8.239016e+02
-2.043621e-04 7.442477e+02 2.983747e+02 8.239016e+02
-2.334567e-04 7.442477e+02 2.983748e+02 8.239016e+02
-2.684961e-04 7.442478e+02 2.983748e+02 8.239017e+02
-3.106991e-04 7.442478e+02 2.983748e+02 8.239017e+02
-3.615361e-04 7.442479e+02 2.983748e+02 8.239018e+02
-4.227635e-04 7.442479e+02 2.983748e+02 8.239018e+02
-4.964530e-04 7.442480e+02 2.983749e+02 8.239019e+02
-5.850054e-04 7.442481e+02 2.983749e+02 8.239020e+02
-6.911395e-04 7.442482e+02 2.983749e+02 8.239021e+02
-8.178371e-04 7.442483e+02 2.983750e+02 8.239023e+02
-9.682196e-04 7.442485e+02 2.983751e+02 8.239024e+02
-1.145332e-03 7.442486e+02 2.983751e+02 8.239026e+02
-1.351797e-03 7.442489e+02 2.983752e+02 8.239029e+02
-1.589331e-03 7.442491e+02 2.983753e+02 8.239031e+02
-1.858089e-03 7.442494e+02 2.983754e+02 8.239034e+02
-2.155906e-03 7.442497e+02 2.983755e+02 8.239038e+02
-2.477498e-03 7.442500e+02 2.983757e+02 8.239041e+02
-2.813799e-03 7.442503e+02 2.983758e+02 8.239045e+02
-3.151670e-03 7.442506e+02 2.983759e+02 8.239049e+02
-3.474235e-03 7.442510e+02 2.983761e+02 8.239052e+02
-3.762057e-03 7.442513e+02 2.983762e+02 8.239055e+02
-3.995177e-03 7.442515e+02 2.983763e+02 8.239058e+02
-4.155792e-03 7.442516e+02 2.983763e+02 8.239060e+02
-4.231050e-03 7.442517e+02 2.983764e+02 8.239060e+02
-4.215279e-03 7.442517e+02 2.983764e+02 8.239060e+02
-4.111031e-03 7.442516e+02 2.983763e+02 8.239059e+02
-3.928651e-03 7.442514e+02 2.983762e+02 8.239057e+02
-3.684473e-03 7.442512e+02 2.983761e+02 8.239054e+02
-3.398178e-03 7.442509e+02 2.983760e+02 8.239051e+02
-3.090000e-03 7.442506e+02 2.983759e+02 8.239048e+02
-2.778372e-03 7.442503e+02 2.983758e+02 8.239044e+02
-2.478381e-03 7.442500e+02 2.983757e+02 8.239041e+02
-2.201104e-03 7.442497e+02 2.983755e+02 8.239038e+02
-1.953666e-03 7.442495e+02 2.983754e+02 8.239035e+02
-1.739774e-03 7.442492e+02 2.983754e+02 8.239033e+02
-1.560479e-03 7.442491e+02 2.983753e+02 8.239031e+02
-1.414961e-03 7.442489e+02 2.983752e+02 8.239029e+02
-1.301217e-03 7.442488e+02 2.983752e+02 8.239028e+02
-1.216602e-03 7.442487e+02 2.983752e+02 8.239027e+02
-1.158210e-03 7.442487e+02 2.983751e+02 8.239026e+02
-1.123115e-03 7.442486e+02 2.983751e+02 8.239026e+02
-1.108498e-03 7.442486e+02 2.983751e+02 8.239026e+02
-1.111696e-03 7.442486e+02 2.983751e+02 8.239026e+02
-1.130197e-03 7.442486e+02 2.983751e+02 8.239026e+02
-1.161603e-03 7.442487e+02 2.983751e+02 8.239027e+02
-1.203583e-03 7.442487e+02 2.983751e+02 8.239027e+02
-1.253836e-03 7.442488e+02 2.983752e+02 8.239028e+02
-1.310063e-03 7.442488e+02 2.983752e+02 8.239028e+02
-1.369967e-03 7.442489e+02 2.983752e+02 8.239029e+02
-1.431283e-03 7.442489e+02 2.983752e+02 8.239029e+02
-1.491839e-03 7.442490e+02 2.983753e+02 8.239030e+02
-1.549635e-03 7.442490e+02 2.983753e+02 8.239031e+02
-1.602944e-03 7.442491e+02 2.983753e+02 8.239031e+02
-1.650408e-03 7.442491e+02 2.983753e+02 8.239032e+02
-1.691117e-03 7.442492e+02 2.983753e+02 8.239032e+02
-1.724661e-03 7.442492e+02 2.983754e+02 8.239033e+02
-1.751141e-03 7.442492e+02 2.983754e+02 8.239033e+02
-1.771131e-03 7.442493e+02 2.983754e+02 8.239033e+02
-1.785607e-03 7.442493e+02 2.983754e+02 8.239033e+02
-1.795839e-03 7.442493e+02 2.983754e+02 8.239034e+02
-1.803270e-03 7.442493e+02 2.983754e+02 8.239034e+02
-1.809392e-03 7.442493e+02 2.983754e+02 8.239034e+02
-1.815636e-03 7.442493e+02 2.983754e+02 8.239034e+02
-1.823280e-03 7.442493e+02 2.983754e+02 8.239034e+02
-1.833392e-03 7.442493e+02 2.983754e+02 8.239034e+02
-1.846787e-03 7.442493e+02 2.983754e+02 8.239034e+02
-1.864022e-03 7.442494e+02 2.983754e+02 8.239034e+02
-1.885401e-03 7.442494e+02 2.983754e+02 8.239035e+02
-1.911001e-03 7.442494e+02 2.983754e+02 8.239035e+02
-1.940697e-03 7.442494e+02 2.983754e+02 8.239035e+02
-1.974199e-03 7.442495e+02 2.983755e+02 8.239035e+02
-2.011089e-03 7.442495e+02 2.983755e+02 8.239036e+02
-2.050848e-03 7.442495e+02 2.983755e+02 8.239036e+02
-2.092884e-03 7.442496e+02 2.983755e+02 8.239037e+02
-2.136563e-03 7.442496e+02 2.983755e+02 8.239037e+02
-2.181221e-03 7.442497e+02 2.983755e+02 8.239038e+02
-2.226186e-03 7.442497e+02 2.983756e+02 8.239038e+02
-2.270790e-03 7.442498e+02 2.983756e+02 8.239039e+02
-2.314377e-03 7.442498e+02 2.983756e+02 8.239039e+02
-2.356314e-03 7.442499e+02 2.983756e+02 8.239040e+02
-2.395995e-03 7.442499e+02 2.983756e+02 8.239040e+02
-2.432845e-03 7.442499e+02 2.983756e+02 8.239041e+02
-2.466323e-03 7.442500e+02 2.983757e+02 8.239041e+02
-2.495925e-03 7.442500e+02 2.983757e+02 8.239041e+02
-2.521183e-03 7.442500e+02 2.983757e+02 8.239042e+02
-2.541670e-03 7.442500e+02 2.983757e+02 8.239042e+02
-2.556992e-03 7.442501e+02 2.983757e+02 8.239042e+02
-2.566801e-03 7.442501e+02 2.983757e+02 8.239042e+02
-2.570788e-03 7.442501e+02 2.983757e+02 8.239042e+02
-2.568692e-03 7.442501e+02 2.983757e+02 8.239042e+02
-2.560306e-03 7.442501e+02 2.983757e+02 8.239042e+02
-2.545481e-03 7.442500e+02 2.983757e+02 8.239042e+02
-2.524138e-03 7.442500e+02 2.983757e+02 8.239042e+02
-2.496276e-03 7.442500e+02 2.983757e+02 8.239041e+02
-2.461979e-03 7.442500e+02 2.983757e+02 8.239041e+02
-2.421423e-03 7.442499e+02 2.983756e+02 8.239040e+02
-2.374880e-03 7.442499e+02 2.983756e+02 8.239040e+02
-2.322717e-03 7.442498e+02 2.983756e+02 8.239039e+02
-2.265388e-03 7.442498e+02 2.983756e+02 8.239039e+02
-2.203427e-03 7.442497e+02 2.983755e+02 8.239038e+02
-2.137430e-03 7.442496e+02 2.983755e+02 8.239037e+02
-2.068039e-03 7.442496e+02 2.983755e+02 8.239037e+02
-1.995924e-03 7.442495e+02 2.983755e+02 8.239036e+02
-1.921758e-03 7.442494e+02 2.983754e+02 8.239035e+02
-1.846203e-03 7.442493e+02 2.983754e+02 8.239034e+02
-1.769892e-03 7.442493e+02 2.983754e+02 8.239033e+02
-1.693415e-03 7.442492e+02 2.983753e+02 8.239032e+02
-1.617310e-03 7.442491e+02 2.983753e+02 8.239032e+02
-1.542058e-03 7.442490e+02 2.983753e+02 8.239031e+02
-1.468074e-03 7.442490e+02 2.983753e+02 8.239030e+02
-1.395715e-03 7.442489e+02 2.983752e+02 8.239029e+02
-1.325276e-03 7.442488e+02 2.983752e+02 8.239028e+02
-1.256993e-03 7.442488e+02 2.983752e+02 8.239028e+02
-1.191053e-03 7.442487e+02 2.983751e+02 8.239027e+02
-1.127593e-03 7.442486e+02 2.983751e+02 8.239026e+02
-1.066709e-03 7.442486e+02 2.983751e+02 8.239025e+02
-1.008460e-03 7.442485e+02 2.983751e+02 8.239025e+02
-9.528725e-04 7.442485e+02 2.983750e+02 8.239024e+02
-8.999484e-04 7.442484e+02 2.983750e+02 8.239024e+02
-8.496657e-04 7.442483e+02 2.983750e+02 8.239023e+02
-8.019845e-04 7.442483e+02 2.983750e+02 8.239023e+02
-7.568498e-04 7.442483e+02 2.983750e+02 8.239022e+02
-7.141948e-04 7.442482e+02 2.983750e+02 8.239022e+02
-6.739436e-04 7.442482e+02 2.983749e+02 8.239021e+02
-6.360132e-04 7.442481e+02 2.983749e+02 8.239021e+02
-6.003157e-04 7.442481e+02 2.983749e+02 8.239020e+02
-5.667596e-04 7.442481e+02 2.983749e+02 8.239020e+02
-5.352518e-04 7.442480e+02 2.983749e+02 8.239020e+02
-5.056980e-04 7.442480e+02 2.983749e+02 8.239019e+02
-4.780041e-04 7.442480e+02 2.983749e+02 8.239019e+02
-4.520768e-04 7.442479e+02 2.983748e+02 8.239019e+02
-4.278244e-04 7.442479e+02 2.983748e+02 8.239018e+02
-4.051571e-04 7.442479e+02 2.983748e+02 8.239018e+02
-3.839873e-04 7.442479e+02 2.983748e+02 8.239018e+02
-3.642304e-04 7.442479e+02 2.983748e+02 8.239018e+02
-3.458043e-04 7.442478e+02 2.983748e+02 8.239017e+02
-3.286301e-04 7.442478e+02 2.983748e+02 8.239017e+02
-3.126320e-04 7.442478e+02 2.983748e+02 8.239017e+02
-2.977373e-04 7.442478e+02 2.983748e+02 8.239017e+02
-2.838765e-04 7.442478e+02 2.983748e+02 8.239017e+02
-2.709833e-04 7.442478e+02 2.983748e+02 8.239017e+02
-2.589943e-04 7.442478e+02 2.983748e+02 8.239017e+02
-2.478493e-04 7.442477e+02 2.983748e+02 8.239016e+02
-2.374911e-04 7.442477e+02 2.983748e+02 8.239016e+02
-2.278652e-04 7.442477e+02 2.983748e+02 8.239016e+02
-2.189199e-04 7.442477e+02 2.983748e+02 8.239016e+02
-2.106063e-04 7.442477e+02 2.983747e+02 8.239016e+02
-2.028780e-04 7.442477e+02 2.983747e+02 8.239016e+02
-1.956911e-04 7.442477e+02 2.983747e+02 8.239016e+02
-1.890039e-04 7.442477e+02 2.983747e+02 8.239016e+02
-1.827771e-04 7.442477e+02 2.983747e+02 8.239016e+02
-1.769736e-04 7.442477e+02 2.983747e+02 8.239016e+02
-1.715584e-04 7.442477e+02 2.983747e+02 8.239016e+02
-1.664983e-04 7.442477e+02 2.983747e+02 8.239015e+02
-1.617622e-04 7.442477e+02 2.983747e+02 8.239015e+02
-1.573208e-04 7.442477e+02 2.983747e+02 8.239015e+02
-1.531467e-04 7.442477e+02 2.983747e+02 8.239015e+02
-1.492139e-04 7.442476e+02 2.983747e+02 8.239015e+02
-1.454986e-04 7.442476e+02 2.983747e+02 8.239015e+02
-1.419780e-04 7.442476e+02 2.983747e+02 8.239015e+02
-1.386314e-04 7.442476e+02 2.983747e+02 8.239015e+02
-1.354394e-04 7.442476e+02 2.983747e+02 8.239015e+02
-1.323841e-04 7.442476e+02 2.983747e+02 8.239015e+02
-1.294491e-04 7.442476e+02 2.983747e+02 8.239015e+02
-1.266194e-04 7.442476e+02 2.983747e+02 8.239015e+02
-1.238814e-04 7.442476e+02 2.983747e+02 8.239015e+02
-1.212229e-04 7.442476e+02 2.983747e+02 8.239015e+02
-1.186329e-04 7.442476e+02 2.983747e+02 8.239015e+02
-1.161017e-04 7.442476e+02 2.983747e+02 8.239015e+02
-1.136209e-04 7.442476e+02 2.983747e+02 8.239015e+02
-1.111832e-04 7.442476e+02 2.983747e+02 8.239015e+02
-1.087824e-04 7.442476e+02 2.983747e+02 8.239015e+02
-1.064133e-04 7.442476e+02 2.983747e+02 8.239015e+02
-1.040720e-04 7.442476e+02 2.983747e+02 8.239015e+02
-1.017551e-04 7.442476e+02 2.983747e+02 8.239015e+02
-9.946033e-05 7.442476e+02 2.983747e+02 8.239015e+02
-9.718615e-05 7.442476e+02 2.983747e+02 8.239015e+02
-9.493171e-05 7.442476e+02 2.983747e+02 8.239015e+02
-9.269682e-05 7.442476e+02 2.983747e+02 8.239015e+02
-9.048182e-05 7.442476e+02 2.983747e+02 8.239015e+02
-8.828757e-05 7.442476e+02 2.983747e+02 8.239015e+02
-8.611532e-05 7.442476e+02 2.983747e+02 8.239015e+02
-8.396665e-05 7.442476e+02 2.983747e+02 8.239015e+02
-8.184343e-05 7.442476e+02 2.983747e+02 8.239015e+02
-7.974771e-05 7.442476e+02 2.983747e+02 8.239015e+02
-7.768169e-05 7.442476e+02 2.983747e+02 8.239014e+02
-7.564766e-05 7.442476e+02 2.983747e+02 8.239014e+02
-7.364793e-05 7.442476e+02 2.983747e+02 8.239014e+02
-7.168482e-05 7.442476e+02 2.983747e+02 8.239014e+02
-6.976057e-05 7.442476e+02 2.983747e+02 8.239014e+02
-6.787737e-05 7.442476e+02 2.983747e+02 8.239014e+02
-6.603728e-05 7.442476e+02 2.983747e+02 8.239014e+02
-6.424224e-05 7.442476e+02 2.983747e+02 8.239014e+02
-6.249406e-05 7.442476e+02 2.983747e+02 8.239014e+02
-6.079438e-05 7.442476e+02 2.983747e+02 8.239014e+02
-5.914469e-05 7.442476e+02 2.983747e+02 8.239014e+02
-5.754634e-05 7.442476e+02 2.983747e+02 8.239014e+02
-5.600052e-05 7.442476e+02 2.983747e+02 8.239014e+02
-5.450829e-05 7.442476e+02 2.983747e+02 8.239014e+02
-5.307055e-05 7.442476e+02 2.983747e+02 8.239014e+02
-5.168812e-05 7.442475e+02 2.983747e+02 8.239014e+02
-5.036171e-05 7.442475e+02 2.983747e+02 8.239014e+02
-4.909193e-05 7.442475e+02 2.983747e+02 8.239014e+02
-4.787931e-05 7.442475e+02 2.983747e+02 8.239014e+02
-4.672435e-05 7.442475e+02 2.983747e+02 8.239014e+02
-4.562747e-05 7.442475e+02 2.983747e+02 8.239014e+02
-4.458905e-05 7.442475e+02 2.983747e+02 8.239014e+02
-4.360945e-05 7.442475e+02 2.983747e+02 8.239014e+02
-4.268897e-05 7.442475e+02 2.983747e+02 8.239014e+02
-4.182785e-05 7.442475e+02 2.983747e+02 8.239014e+02
-4.102628e-05 7.442475e+02 2.983747e+02 8.239014e+02
-4.028435e-05 7.442475e+02 2.983747e+02 8.239014e+02
-3.960202e-05 7.442475e+02 2.983747e+02 8.239014e+02
-3.897907e-05 7.442475e+02 2.983747e+02 8.239014e+02
-3.841507e-05 7.442475e+02 2.983747e+02 8.239014e+02
-3.790929e-05 7.442475e+02 2.983747e+02 8.239014e+02
-3.746062e-05 7.442475e+02 2.983747e+02 8.239014e+02
-3.706754e-05 7.442475e+02 2.983747e+02 8.239014e+02
-3.672797e-05 7.442475e+02 2.983747e+02 8.239014e+02
-3.643924e-05 7.442475e+02 2.983747e+02 8.239014e+02
-3.619799e-05 7.442475e+02 2.983747e+02 8.239014e+02
-3.600007e-05 7.442475e+02 2.983747e+02 8.239014e+02
-3.584055e-05 7.442475e+02 2.983747e+02 8.239014e+02
-3.571366e-05 7.442475e+02 2.983747e+02 8.239014e+02
-3.561280e-05 7.442475e+02 2.983747e+02 8.239014e+02
-3.553061e-05 7.442475e+02 2.983747e+02 8.239014e+02
-3.545905e-05 7.442475e+02 2.983747e+02 8.239014e+02
-3.538957e-05 7.442475e+02 2.983747e+02 8.239014e+02
-3.531327e-05 7.442475e+02 2.983747e+02 8.239014e+02
-3.522121e-05 7.442475e+02 2.983747e+02 8.239014e+02
-3.510464e-05 7.442475e+02 2.983747e+02 8.239014e+02
-3.495532e-05 7.442475e+02 2.983747e+02 8.239014e+02
-3.476584e-05 7.442475e+02 2.983747e+02 8.239014e+02
-3.452993e-05 7.442475e+02 2.983747e+02 8.239014e+02
-3.424271e-05 7.442475e+02 2.983747e+02 8.239014e+02
-3.390091e-05 7.442475e+02 2.983747e+02 8.239014e+02
-3.350299e-05 7.442475e+02 2.983747e+02 8.239014e+02
-3.304925e-05 7.442475e+02 2.983747e+02 8.239014e+02
-3.254175e-05 7.442475e+02 2.983747e+02 8.239014e+02
-3.198422e-05 7.442475e+02 2.983747e+02 8.239014e+02
-3.138187e-05 7.442475e+02 2.983747e+02 8.239014e+02
-3.074114e-05 7.442475e+02 2.983747e+02 8.239014e+02
-3.006941e-05 7.442475e+02 2.983747e+02 8.239014e+02
-2.937467e-05 7.442475e+02 2.983747e+02 8.239014e+02
-2.866524e-05 7.442475e+02 2.983747e+02 8.239014e+02
-2.794943e-05 7.442475e+02 2.983747e+02 8.239014e+02
-2.723532e-05 7.442475e+02 2.983747e+02 8.239014e+02
-2.653049e-05 7.442475e+02 2.983747e+02 8.239014e+02
-2.584191e-05 7.442475e+02 2.983747e+02 8.239014e+02
-2.517577e-05 7.442475e+02 2.983747e+02 8.239014e+02
-2.453748e-05 7.442475e+02 2.983747e+02 8.239014e+02
-2.393155e-05 7.442475e+02 2.983747e+02 8.239014e+02
-2.336171e-05 7.442475e+02 2.983747e+02 8.239014e+02
-2.283090e-05 7.442475e+02 2.983747e+02 8.239014e+02
-2.234135e-05 7.442475e+02 2.983747e+02 8.239014e+02
-2.189469e-05 7.442475e+02 2.983747e+02 8.239014e+02
-2.149203e-05 7.442475e+02 2.983747e+02 8.239014e+02
-2.113404e-05 7.442475e+02 2.983747e+02 8.239014e+02
-2.082111e-05 7.442475e+02 2.983747e+02 8.239014e+02
-2.055337e-05 7.442475e+02 2.983747e+02 8.239014e+02
-2.033084e-05 7.442475e+02 2.983747e+02 8.239014e+02
-2.015345e-05 7.442475e+02 2.983747e+02 8.239014e+02
-2.002116e-05 7.442475e+02 2.983747e+02 8.239014e+02
-1.993400e-05 7.442475e+02 2.983747e+02 8.239014e+02
-1.989211e-05 7.442475e+02 2.983747e+02 8.239014e+02
-1.989579e-05 7.442475e+02 2.983747e+02 8.239014e+02
-1.994554e-05 7.442475e+02 2.983747e+02 8.239014e+02
-2.004207e-05 7.442475e+02 2.983747e+02 8.239014e+02
-2.018637e-05 7.442475e+02 2.983747e+02 8.239014e+02
-2.037968e-05 7.442475e+02 2.983747e+02 8.239014e+02
-2.062352e-05 7.442475e+02 2.983747e+02 8.239014e+02
-2.091975e-05 7.442475e+02 2.983747e+02 8.239014e+02
-2.127059e-05 7.442475e+02 2.983747e+02 8.239014e+02
-2.167862e-05 7.442475e+02 2.983747e+02 8.239014e+02
-2.214690e-05 7.442475e+02 2.983747e+02 8.239014e+02
-2.267901e-05 7.442475e+02 2.983747e+02 8.239014e+02
-2.327914e-05 7.442475e+02 2.983747e+02 8.239014e+02
-2.395224e-05 7.442475e+02 2.983747e+02 8.239014e+02
-2.470416e-05 7.442475e+02 2.983747e+02 8.239014e+02
-2.554186e-05 7.442475e+02 2.983747e+02 8.239014e+02
-2.647361e-05 7.442475e+02 2.983747e+02 8.239014e+02
-2.750925e-05 7.442475e+02 2.983747e+02 8.239014e+02
-2.866052e-05 7.442475e+02 2.983747e+02 8.239014e+02
-2.994129e-05 7.442475e+02 2.983747e+02 8.239014e+02
-3.136790e-05 7.442475e+02 2.983747e+02 8.239014e+02
-3.295946e-05 7.442475e+02 2.983747e+02 8.239014e+02
-3.473800e-05 7.442475e+02 2.983747e+02 8.239014e+02
-3.672870e-05 7.442475e+02 2.983747e+02 8.239014e+02
-3.895978e-05 7.442475e+02 2.983747e+02 8.239014e+02
-4.146235e-05 7.442475e+02 2.983747e+02 8.239014e+02
-4.426989e-05 7.442475e+02 2.983747e+02 8.239014e+02
-4.741747e-05 7.442475e+02 2.983747e+02 8.239014e+02
-5.094041e-05 7.442475e+02 2.983747e+02 8.239014e+02
-5.487263e-05 7.442476e+02 2.983747e+02 8.239014e+02
-5.924423e-05 7.442476e+02 2.983747e+02 8.239014e+02
-6.407860e-05 7.442476e+02 2.983747e+02 8.239014e+02
-6.938888e-05 7.442476e+02 2.983747e+02 8.239014e+02
-7.517387e-05 7.442476e+02 2.983747e+02 8.239014e+02
-8.141361e-05 7.442476e+02 2.983747e+02 8.239015e+02
-8.806488e-05 7.442476e+02 2.983747e+02 8.239015e+02
-9.505706e-05 7.442476e+02 2.983747e+02 8.239015e+02
-1.022890e-04 7.442476e+02 2.983747e+02 8.239015e+02
-1.096272e-04 7.442476e+02 2.983747e+02 8.239015e+02
-1.169068e-04 7.442476e+02 2.983747e+02 8.239015e+02
-1.239352e-04 7.442476e+02 2.983747e+02 8.239015e+02
-1.304989e-04 7.442476e+02 2.983747e+02 8.239015e+02
-1.363740e-04 7.442476e+02 2.983747e+02 8.239015e+02
-1.413393e-04 7.442476e+02 2.983747e+02 8.239015e+02
-1.451919e-04 7.442476e+02 2.983747e+02 8.239015e+02
-1.477619e-04 7.442476e+02 2.983747e+02 8.239015e+02
-1.489273e-04 7.442476e+02 2.983747e+02 8.239015e+02
-1.486237e-04 7.442476e+02 2.983747e+02 8.239015e+02
-1.468509e-04 7.442476e+02 2.983747e+02 8.239015e+02
-1.436724e-04 7.442476e+02 2.983747e+02 8.239015e+02
-1.392101e-04 7.442476e+02 2.983747e+02 8.239015e+02
-1.336341e-04 7.442476e+02 2.983747e+02 8.239015e+02
-1.271483e-04 7.442476e+02 2.983747e+02 8.239015e+02
-1.199756e-04 7.442476e+02 2.983747e+02 8.239015e+02
-1.123424e-04 7.442476e+02 2.983747e+02 8.239015e+02
-1.044654e-04 7.442476e+02 2.983747e+02 8.239015e+02
-9.654143e-05 7.442476e+02 2.983747e+02 8.239015e+02
-8.873989e-05 7.442476e+02 2.983747e+02 8.239015e+02
-8.119940e-05 7.442476e+02 2.983747e+02 8.239015e+02
-7.402682e-05 7.442476e+02 2.983747e+02 8.239014e+02
-6.729873e-05 7.442476e+02 2.983747e+02 8.239014e+02
-6.106460e-05 7.442476e+02 2.983747e+02 8.239014e+02
-5.535079e-05 7.442476e+02 2.983747e+02 8.239014e+02
-5.016500e-05 7.442475e+02 2.983747e+02 8.239014e+02
-4.550065e-05 7.442475e+02 2.983747e+02 8.239014e+02
-4.134095e-05 7.442475e+02 2.983747e+02 8.239014e+02
-3.766247e-05 7.442475e+02 2.983747e+02 8.239014e+02
-3.443817e-05 7.442475e+02 2.983747e+02 8.239014e+02
-3.163987e-05 7.442475e+02 2.983747e+02 8.239014e+02
-2.924031e-05 7.442475e+02 2.983747e+02 8.239014e+02
-2.721471e-05 7.442475e+02 2.983747e+02 8.239014e+02
-2.554207e-05 7.442475e+02 2.983747e+02 8.239014e+02
-2.420624e-05 7.442475e+02 2.983747e+02 8.239014e+02
-2.319686e-05 7.442475e+02 2.983747e+02 8.239014e+02
-2.251014e-05 7.442475e+02 2.983747e+02 8.239014e+02
-2.214973e-05 7.442475e+02 2.983747e+02 8.239014e+02
-2.212742e-05 7.442475e+02 2.983747e+02 8.239014e+02
-2.246387e-05 7.442475e+02 2.983747e+02 8.239014e+02
-2.318921e-05 7.442475e+02 2.983747e+02 8.239014e+02
-2.434323e-05 7.442475e+02 2.983747e+02 8.239014e+02
-2.597513e-05 7.442475e+02 2.983747e+02 8.239014e+02
-2.814215e-05 7.442475e+02 2.983747e+02 8.239014e+02
-3.090676e-05 7.442475e+02 2.983747e+02 8.239014e+02
-3.433158e-05 7.442475e+02 2.983747e+02 8.239014e+02
-3.847129e-05 7.442475e+02 2.983747e+02 8.239014e+02
-4.336095e-05 7.442475e+02 2.983747e+02 8.239014e+02
-4.900050e-05 7.442475e+02 2.983747e+02 8.239014e+02
-5.533613e-05 7.442476e+02 2.983747e+02 8.239014e+02
-6.224078e-05 7.442476e+02 2.983747e+02 8.239014e+02
-6.949776e-05 7.442476e+02 2.983747e+02 8.239014e+02
-7.679360e-05 7.442476e+02 2.983747e+02 8.239014e+02
-8.372653e-05 7.442476e+02 2.983747e+02 8.239015e+02
-8.983591e-05 7.442476e+02 2.983747e+02 8.239015e+02
-9.465314e-05 7.442476e+02 2.983747e+02 8.239015e+02
-9.776767e-05 7.442476e+02 2.983747e+02 8.239015e+02
-9.889431e-05 7.442476e+02 2.983747e+02 8.239015e+02
-9.792452e-05 7.442476e+02 2.983747e+02 8.239015e+02
-9.494669e-05 7.442476e+02 2.983747e+02 8.239015e+02
-9.022903e-05 7.442476e+02 2.983747e+02 8.239015e+02
-8.417044e-05 7.442476e+02 2.983747e+02 8.239015e+02
-7.723389e-05 7.442476e+02 2.983747e+02 8.239014e+02
-6.987955e-05 7.442476e+02 2.983747e+02 8.239014e+02
-6.251217e-05 7.442476e+02 2.983747e+02 8.239014e+02
-5.544959e-05 7.442476e+02 2.983747e+02 8.239014e+02
-4.891247e-05 7.442475e+02 2.983747e+02 8.239014e+02
-4.303031e-05 7.442475e+02 2.983747e+02 8.239014e+02
-3.785716e-05 7.442475e+02 2.983747e+02 8.239014e+02
-3.339093e-05 7.442475e+02 2.983747e+02 8.239014e+02
-2.959209e-05 7.442475e+02 2.983747e+02 8.239014e+02
-2.639942e-05 7.442475e+02 2.983747e+02 8.239014e+02
-2.374185e-05 7.442475e+02 2.983747e+02 8.239014e+02
-2.154673e-05 7.442475e+02 2.983747e+02 8.239014e+02
-1.974493e-05 7.442475e+02 2.983747e+02 8.239014e+02
-1.827372e-05 7.442475e+02 2.983747e+02 8.239014e+02
-1.707799e-05 7.442475e+02 2.983747e+02 8.239014e+02
-1.611046e-05 7.442475e+02 2.983747e+02 8.239014e+02
-1.533124e-05 7.442475e+02 2.983747e+02 8.239014e+02
-1.470719e-05 7.442475e+02 2.983747e+02 8.239014e+02
-1.421101e-05 7.442475e+02 2.983747e+02 8.239014e+02
-1.382045e-05 7.442475e+02 2.983747e+02 8.239014e+02
-1.351748e-05 7.442475e+02 2.983747e+02 8.239014e+02
-1.328761e-05 7.442475e+02 2.983747e+02 8.239014e+02
-1.311931e-05 7.442475e+02 2.983747e+02 8.239014e+02
-1.300347e-05 7.442475e+02 2.983747e+02 8.239014e+02
-1.293300e-05 7.442475e+02 2.983747e+02 8.239014e+02
-1.290248e-05 7.442475e+02 2.983747e+02 8.239014e+02
-1.290787e-05 7.442475e+02 2.983747e+02 8.239014e+02
-1.294633e-05 7.442475e+02 2.983747e+02 8.239014e+02
-1.301601e-05 7.442475e+02 2.983747e+02 8.239014e+02
-1.311594e-05 7.442475e+02 2.983747e+02 8.239014e+02
-1.324592e-05 7.442475e+02 2.983747e+02 8.239014e+02
-1.340644e-05 7.442475e+02 2.983747e+02 8.239014e+02
-1.359863e-05 7.442475e+02 2.983747e+02 8.239014e+02
-1.382426e-05 7.442475e+02 2.983747e+02 8.239014e+02
-1.408571e-05 7.442475e+02 2.983747e+02 8.239014e+02
-1.438596e-05 7.442475e+02 2.983747e+02 8.239014e+02
-1.472865e-05 7.442475e+02 2.983747e+02 8.239014e+02
-1.511808e-05 7.442475e+02 2.983747e+02 8.239014e+02
-1.555931e-05 7.442475e+02 2.983747e+02 8.239014e+02
-1.605819e-05 7.442475e+02 2.983747e+02 8.239014e+02
-1.662148e-05 7.442475e+02 2.983747e+02 8.239014e+02
-1.725695e-05 7.442475e+02 2.983747e+02 8.239014e+02
-1.797352e-05 7.442475e+02 2.983747e+02 8.239014e+02
-1.878142e-05 7.442475e+02 2.983747e+02 8.239014e+02
-1.969240e-05 7.442475e+02 2.983747e+02 8.239014e+02
-2.071994e-05 7.442475e+02 2.983747e+02 8.239014e+02
-2.187955e-05 7.442475e+02 2.983747e+02 8.239014e+02
-2.318909e-05 7.442475e+02 2.983747e+02 8.239014e+02
-2.466917e-05 7.442475e+02 2.983747e+02 8.239014e+02
-2.634360e-05 7.442475e+02 2.983747e+02 8.239014e+02
-2.824000e-05 7.442475e+02 2.983747e+02 8.239014e+02
-3.039043e-05 7.442475e+02 2.983747e+02 8.239014e+02
-3.283225e-05 7.442475e+02 2.983747e+02 8.239014e+02
-3.560907e-05 7.442475e+02 2.983747e+02 8.239014e+02
-3.877193e-05 7.442475e+02 2.983747e+02 8.239014e+02
-4.238079e-05 7.442475e+02 2.983747e+02 8.239014e+02
-4.650623e-05 7.442475e+02 2.983747e+02 8.239014e+02
-5.123161e-05 7.442475e+02 2.983747e+02 8.239014e+02
-5.665565e-05 7.442476e+02 2.983747e+02 8.239014e+02
-6.289563e-05 7.442476e+02 2.983747e+02 8.239014e+02
-7.009125e-05 7.442476e+02 2.983747e+02 8.239014e+02
-7.840939e-05 7.442476e+02 2.983747e+02 8.239015e+02
-8.804989e-05 7.442476e+02 2.983747e+02 8.239015e+02
-9.925264e-05 7.442476e+02 2.983747e+02 8.239015e+02
-1.123061e-04 7.442476e+02 2.983747e+02 8.239015e+02
-1.275576e-04 7.442476e+02 2.983747e+02 8.239015e+02
-1.454257e-04 7.442476e+02 2.983747e+02 8.239015e+02
-1.664146e-04 7.442477e+02 2.983747e+02 8.239015e+02
-1.911306e-04 7.442477e+02 2.983747e+02 8.239016e+02
-2.203009e-04 7.442477e+02 2.983748e+02 8.239016e+02
-2.547930e-04 7.442478e+02 2.983748e+02 8.239016e+02
-2.956338e-04 7.442478e+02 2.983748e+02 8.239017e+02
-3.440252e-04 7.442478e+02 2.983748e+02 8.239017e+02
-4.013522e-04 7.442479e+02 2.983748e+02 8.239018e+02
-4.691741e-04 7.442480e+02 2.983749e+02 8.239019e+02
-5.491915e-04 7.442480e+02 2.983749e+02 8.239020e+02
-6.431719e-04 7.442481e+02 2.983749e+02 8.239021e+02
-7.528194e-04 7.442483e+02 2.983750e+02 8.239022e+02
-8.795698e-04 7.442484e+02 2.983750e+02 8.239023e+02
-1.024299e-03 7.442485e+02 2.983751e+02 8.239025e+02
-1.186945e-03 7.442487e+02 2.983751e+02 8.239027e+02
-1.366073e-03 7.442489e+02 2.983752e+02 8.239029e+02
-1.558441e-03 7.442491e+02 2.983753e+02 8.239031e+02
-1.758684e-03 7.442493e+02 2.983754e+02 8.239033e+02
-1.959260e-03 7.442495e+02 2.983754e+02 8.239035e+02
-2.150790e-03 7.442496e+02 2.983755e+02 8.239037e+02
-2.322881e-03 7.442498e+02 2.983756e+02 8.239039e+02
-2.465380e-03 7.442500e+02 2.983757e+02 8.239041e+02
-2.569816e-03 7.442501e+02 2.983757e+02 8.239042e+02
-2.630705e-03 7.442501e+02 2.983757e+02 8.239043e+02
-2.646334e-03 7.442501e+02 2.983757e+02 8.239043e+02
-2.618793e-03 7.442501e+02 2.983757e+02 8.239043e+02
-2.553283e-03 7.442500e+02 2.983757e+02 8.239042e+02
-2.456935e-03 7.442500e+02 2.983756e+02 8.239041e+02
-2.337522e-03 7.442498e+02 2.983756e+02 8.239039e+02
-2.202383e-03 7.442497e+02 2.983755e+02 8.239038e+02
-2.057766e-03 7.442496e+02 2.983755e+02 8.239036e+02
-1.908596e-03 7.442494e+02 2.983754e+02 8.239035e+02
-1.758562e-03 7.442493e+02 2.983754e+02 8.239033e+02
-1.610370e-03 7.442491e+02 2.983753e+02 8.239031e+02
-1.466036e-03 7.442490e+02 2.983753e+02 8.239030e+02
-1.327111e-03 7.442488e+02 2.983752e+02 8.239028e+02
-1.194831e-03 7.442487e+02 2.983751e+02 8.239027e+02
-1.070179e-03 7.442486e+02 2.983751e+02 8.239025e+02
-9.539055e-04 7.442485e+02 2.983750e+02 8.239024e+02
-8.465204e-04 7.442483e+02 2.983750e+02 8.239023e+02
-7.482882e-04 7.442482e+02 2.983750e+02 8.239022e+02
-6.592351e-04 7.442482e+02 2.983749e+02 8.239021e+02
-5.791724e-04 7.442481e+02 2.983749e+02 8.239020e+02
-5.077317e-04 7.442480e+02 2.983749e+02 8.239019e+02
-4.444076e-04 7.442479e+02 2.983748e+02 8.239019e+02
-3.886011e-04 7.442479e+02 2.983748e+02 8.239018e+02
-3.396604e-04 7.442478e+02 2.983748e+02 8.239017e+02
-2.969154e-04 7.442478e+02 2.983748e+02 8.239017e+02
-2.597049e-04 7.442478e+02 2.983748e+02 8.239017e+02
-2.273960e-04 7.442477e+02 2.983748e+02 8.239016e+02
-1.993981e-04 7.442477e+02 2.983747e+02 8.239016e+02
-1.751696e-04 7.442477e+02 2.983747e+02 8.239016e+02
-1.542222e-04 7.442477e+02 2.983747e+02 8.239015e+02
-1.361201e-04 7.442476e+02 2.983747e+02 8.239015e+02
-1.204790e-04 7.442476e+02 2.983747e+02 8.239015e+02
-1.069622e-04 7.442476e+02 2.983747e+02 8.239015e+02
-9.527653e-05 7.442476e+02 2.983747e+02 8.239015e+02
-8.516813e-05 7.442476e+02 2.983747e+02 8.239015e+02
-7.641800e-05 7.442476e+02 2.983747e+02 8.239014e+02
-6.883775e-05 7.442476e+02 2.983747e+02 8.239014e+02
-6.226564e-05 7.442476e+02 2.983747e+02 8.239014e+02
-5.656311e-05 7.442476e+02 2.983747e+02 8.239014e+02
-5.161150e-05 7.442475e+02 2.983747e+02 8.239014e+02
-4.730933e-05 7.442475e+02 2.983747e+02 8.239014e+02
-4.356979e-05 7.442475e+02 2.983747e+02 8.239014e+02
-4.031865e-05 7.442475e+02 2.983747e+02 8.239014e+02
-3.749242e-05 7.442475e+02 2.983747e+02 8.239014e+02
-3.503678e-05 7.442475e+02 2.983747e+02 8.239014e+02
-3.290524e-05 7.442475e+02 2.983747e+02 8.239014e+02
-3.105799e-05 7.442475e+02 2.983747e+02 8.239014e+02
-2.946093e-05 7.442475e+02 2.983747e+02 8.239014e+02
-2.808481e-05 7.442475e+02 2.983747e+02 8.239014e+02
-2.690457e-05 7.442475e+02 2.983747e+02 8.239014e+02
-2.589870e-05 7.442475e+02 2.983747e+02 8.239014e+02
-2.504873e-05 7.442475e+02 2.983747e+02 8.239014e+02
-2.433879e-05 7.442475e+02 2.983747e+02 8.239014e+02
-2.375522e-05 7.442475e+02 2.983747e+02 8.239014e+02
-2.328625e-05 7.442475e+02 2.983747e+02 8.239014e+02
-2.292172e-05 7.442475e+02 2.983747e+02 8.239014e+02
-2.265279e-05 7.442475e+02 2.983747e+02 8.239014e+02
-2.247176e-05 7.442475e+02 2.983747e+02 8.239014e+02
-2.237185e-05 7.442475e+02 2.983747e+02 8.239014e+02
-2.234699e-05 7.442475e+02 2.983747e+02 8.239014e+02
-2.239171e-05 7.442475e+02 2.983747e+02 8.239014e+02
-2.250093e-05 7.442475e+02 2.983747e+02 8.239014e+02
-2.266989e-05 7.442475e+02 2.983747e+02 8.239014e+02
-2.289395e-05 7.442475e+02 2.983747e+02 8.239014e+02
-2.316856e-05 7.442475e+02 2.983747e+02 8.239014e+02
-2.348910e-05 7.442475e+02 2.983747e+02 8.239014e+02
-2.385089e-05 7.442475e+02 2.983747e+02 8.239014e+02
-2.424910e-05 7.442475e+02 2.983747e+02 8.239014e+02
-2.467875e-05 7.442475e+02 2.983747e+02 8.239014e+02
-2.513475e-05 7.442475e+02 2.983747e+02 8.239014e+02
-2.561193e-05 7.442475e+02 2.983747e+02 8.239014e+02
-2.610519e-05 7.442475e+02 2.983747e+02 8.239014e+02
-2.660955e-05 7.442475e+02 2.983747e+02 8.239014e+02
-2.712036e-05 7.442475e+02 2.983747e+02 8.239014e+02
-2.763349e-05 7.442475e+02 2.983747e+02 8.239014e+02
-2.814543e-05 7.442475e+02 2.983747e+02 8.239014e+02
-2.865358e-05 7.442475e+02 2.983747e+02 8.239014e+02
-2.915635e-05 7.442475e+02 2.983747e+02 8.239014e+02
-2.965333e-05 7.442475e+02 2.983747e+02 8.239014e+02
-3.014538e-05 7.442475e+02 2.983747e+02 8.239014e+02
-3.063474e-05 7.442475e+02 2.983747e+02 8.239014e+02
-3.112502e-05 7.442475e+02 2.983747e+02 8.239014e+02
-3.162121e-05 7.442475e+02 2.983747e+02 8.239014e+02
-3.212964e-05 7.442475e+02 2.983747e+02 8.239014e+02
-3.265792e-05 7.442475e+02 2.983747e+02 8.239014e+02
-3.321487e-05 7.442475e+02 2.983747e+02 8.239014e+02
-3.381053e-05 7.442475e+02 2.983747e+02 8.239014e+02
-3.445606e-05 7.442475e+02 2.983747e+02 8.239014e+02
-3.516387e-05 7.442475e+02 2.983747e+02 8.239014e+02
-3.594763e-05 7.442475e+02 2.983747e+02 8.239014e+02
-3.682249e-05 7.442475e+02 2.983747e+02 8.239014e+02
-3.780530e-05 7.442475e+02 2.983747e+02 8.239014e+02
-3.891497e-05 7.442475e+02 2.983747e+02 8.239014e+02
-4.017293e-05 7.442475e+02 2.983747e+02 8.239014e+02
-4.160368e-05 7.442475e+02 2.983747e+02 8.239014e+02
-4.323551e-05 7.442475e+02 2.983747e+02 8.239014e+02
-4.510133e-05 7.442475e+02 2.983747e+02 8.239014e+02
-4.723971e-05 7.442475e+02 2.983747e+02 8.239014e+02
-4.969607e-05 7.442475e+02 2.983747e+02 8.239014e+02
-5.252412e-05 7.442476e+02 2.983747e+02 8.239014e+02
-5.578758e-05 7.442476e+02 2.983747e+02 8.239014e+02
-5.956215e-05 7.442476e+02 2.983747e+02 8.239014e+02
-6.393786e-05 7.442476e+02 2.983747e+02 8.239014e+02
-6.902177e-05 7.442476e+02 2.983747e+02 8.239014e+02
-7.494110e-05 7.442476e+02 2.983747e+02 8.239014e+02
-8.184679e-05 7.442476e+02 2.983747e+02 8.239015e+02
-8.991746e-05 7.442476e+02 2.983747e+02 8.239015e+02
-9.936380e-05 7.442476e+02 2.983747e+02 8.239015e+02
-1.104331e-04 7.442476e+02 2.983747e+02 8.239015e+02
-1.234140e-04 7.442476e+02 2.983747e+02 8.239015e+02
-1.386404e-04 7.442476e+02 2.983747e+02 8.239015e+02
-1.564951e-04 7.442477e+02 2.983747e+02 8.239015e+02
-1.774108e-04 7.442477e+02 2.983747e+02 8.239016e+02
-2.018686e-04 7.442477e+02 2.983747e+02 8.239016e+02
-2.303908e-04 7.442477e+02 2.983748e+02 8.239016e+02
-2.635277e-04 7.442478e+02 2.983748e+02 8.239017e+02
-3.018337e-04 7.442478e+02 2.983748e+02 8.239017e+02
-3.458314e-04 7.442478e+02 2.983748e+02 8.239017e+02
-3.959598e-04 7.442479e+02 2.983748e+02 8.239018e+02
-4.525058e-04 7.442480e+02 2.983748e+02 8.239019e+02
-5.155178e-04 7.442480e+02 2.983749e+02 8.239019e+02
-5.847057e-04 7.442481e+02 2.983749e+02 8.239020e+02
-6.593350e-04 7.442482e+02 2.983749e+02 8.239021e+02
-7.381289e-04 7.442482e+02 2.983750e+02 8.239022e+02
-8.192010e-04 7.442483e+02 2.983750e+02 8.239023e+02
-9.000406e-04 7.442484e+02 2.983750e+02 8.239024e+02
-9.775793e-04 7.442485e+02 2.983751e+02 8.239024e+02
-1.048354e-03 7.442485e+02 2.983751e+02 8.239025e+02
-1.108769e-03 7.442486e+02 2.983751e+02 8.239026e+02
-1.155439e-03 7.442487e+02 2.983751e+02 8.239026e+02
-1.185564e-03 7.442487e+02 2.983751e+02 8.239027e+02
-1.197273e-03 7.442487e+02 2.983751e+02 8.239027e+02
-1.189868e-03 7.442487e+02 2.983751e+02 8.239027e+02
-1.163919e-03 7.442487e+02 2.983751e+02 8.239027e+02
-1.121189e-03 7.442486e+02 2.983751e+02 8.239026e+02
-1.064397e-03 7.442486e+02 2.983751e+02 8.239025e+02
-9.968815e-04 7.442485e+02 2.983751e+02 8.239025e+02
-9.222291e-04 7.442484e+02 2.983750e+02 8.239024e+02
-8.439227e-04 7.442483e+02 2.983750e+02 8.239023e+02
-7.650714e-04 7.442483e+02 2.983750e+02 8.239022e+02
-6.882371e-04 7.442482e+02 2.983749e+02 8.239021e+02
-6.153595e-04 7.442481e+02 2.983749e+02 8.239020e+02
-5.477630e-04 7.442480e+02 2.983749e+02 8.239020e+02
-4.862212e-04 7.442480e+02 2.983749e+02 8.239019e+02
-4.310521e-04 7.442479e+02 2.983748e+02 8.239018e+02
-3.822243e-04 7.442479e+02 2.983748e+02 8.239018e+02
-3.394584e-04 7.442478e+02 2.983748e+02 8.239017e+02
-3.023149e-04 7.442478e+02 2.983748e+02 8.239017e+02
-2.702649e-04 7.442478e+02 2.983748e+02 8.239017e+02
-2.427436e-04 7.442477e+02 2.983748e+02 8.239016e+02
-2.191884e-04 7.442477e+02 2.983748e+02 8.239016e+02
-1.990634e-04 7.442477e+02 2.983747e+02 8.239016e+02
-1.818744e-04 7.442477e+02 2.983747e+02 8.239016e+02
-1.671768e-04 7.442477e+02 2.983747e+02 8.239015e+02
-1.545777e-04 7.442477e+02 2.983747e+02 8.239015e+02
-1.437350e-04 7.442476e+02 2.983747e+02 8.239015e+02
-1.343551e-04 7.442476e+02 2.983747e+02 8.239015e+02
-1.261878e-04 7.442476e+02 2.983747e+02 8.239015e+02
-1.190227e-04 7.442476e+02 2.983747e+02 8.239015e+02
-1.126839e-04 7.442476e+02 2.983747e+02 8.239015e+02
-1.070259e-04 7.442476e+02 2.983747e+02 8.239015e+02
-1.019291e-04 7.442476e+02 2.983747e+02 8.239015e+02
-9.729644e-05 7.442476e+02 2.983747e+02 8.239015e+02
-9.304938e-05 7.442476e+02 2.983747e+02 8.239015e+02
-8.912535e-05 7.442476e+02 2.983747e+02 8.239015e+02
-8.547493e-05 7.442476e+02 2.983747e+02 8.239015e+02
-8.205962e-05 7.442476e+02 2.983747e+02 8.239015e+02
-7.884982e-05 7.442476e+02 2.983747e+02 8.239015e+02
-7.582320e-05 7.442476e+02 2.983747e+02 8.239014e+02
-7.296332e-05 7.442476e+02 2.983747e+02 8.239014e+02
-7.025843e-05 7.442476e+02 2.983747e+02 8.239014e+02
-6.770058e-05 7.442476e+02 2.983747e+02 8.239014e+02
-6.528484e-05 7.442476e+02 2.983747e+02 8.239014e+02
-6.300878e-05 7.442476e+02 2.983747e+02 8.239014e+02
-6.087201e-05 7.442476e+02 2.983747e+02 8.239014e+02
-5.887597e-05 7.442476e+02 2.983747e+02 8.239014e+02
-5.702378e-05 7.442476e+02 2.983747e+02 8.239014e+02
-5.532023e-05 7.442476e+02 2.983747e+02 8.239014e+02
-5.377188e-05 7.442476e+02 2.983747e+02 8.239014e+02
-5.238732e-05 7.442476e+02 2.983747e+02 8.239014e+02
-5.117744e-05 7.442475e+02 2.983747e+02 8.239014e+02
-5.015597e-05 7.442475e+02 2.983747e+02 8.239014e+02
-4.933998e-05 7.442475e+02 2.983747e+02 8.239014e+02
-4.875066e-05 7.442475e+02 2.983747e+02 8.239014e+02
-4.841412e-05 7.442475e+02 2.983747e+02 8.239014e+02
-4.836238e-05 7.442475e+02 2.983747e+02 8.239014e+02
-4.863455e-05 7.442475e+02 2.983747e+02 8.239014e+02
-4.927798e-05 7.442475e+02 2.983747e+02 8.239014e+02
-5.034963e-05 7.442475e+02 2.983747e+02 8.239014e+02
-5.191729e-05 7.442475e+02 2.983747e+02 8.239014e+02
-5.406062e-05 7.442476e+02 2.983747e+02 8.239014e+02
-5.687176e-05 7.442476e+02 2.983747e+02 8.239014e+02
-6.045503e-05 7.442476e+02 2.983747e+02 8.239014e+02
-6.492526e-05 7.442476e+02 2.983747e+02 8.239014e+02
-7.040402e-05 7.442476e+02 2.983747e+02 8.239014e+02
-7.701273e-05 7.442476e+02 2.983747e+02 8.239014e+02
-8.486191e-05 7.442476e+02 2.983747e+02 8.239015e+02
-9.403541e-05 7.442476e+02 2.983747e+02 8.239015e+02
-1.045694e-04 7.442476e+02 2.983747e+02 8.239015e+02
-1.164262e-04 7.442476e+02 2.983747e+02 8.239015e+02
-1.294655e-04 7.442476e+02 2.983747e+02 8.239015e+02
-1.434166e-04 7.442476e+02 2.983747e+02 8.239015e+02
-1.578578e-04 7.442477e+02 2.983747e+02 8.239015e+02
-1.722128e-04 7.442477e+02 2.983747e+02 8.239016e+02
-1.857700e-04 7.442477e+02 2.983747e+02 8.239016e+02
