#E_pot  E_kin  T  P
-5.490758e-05 8.809990e+02 3.531994e+02 9.752889e+02
-5.197176e-05 8.809990e+02 3.531994e+02 9.752889e+02
-4.917043e-05 8.809990e+02 3.531994e+02 9.752889e+02
-4.650896e-05 8.809990e+02 3.531994e+02 9.752889e+02
-4.399004e-05 8.809990e+02 3.531994e+02 9.752889e+02
-4.161420e-05 8.809990e+02 3.531994e+02 9.752889e+02
-3.938028e-05 8.809990e+02 3.531994e+02 9.752889e+02
-3.728585e-05 8.809990e+02 3.531994e+02 9.752889e+02
-3.532767e-05 8.809990e+02 3.531994e+02 9.752889e+02
-3.350200e-05 8.809990e+02 3.531994e+02 9.752888e+02
-3.180492e-05 8.809990e+02 3.531994e+02 9.752888e+02
-3.023263e-05 8.809990e+02 3.531994e+02 9.752888e+02
-2.878160e-05 8.809990e+02 3.531994e+02 9.752888e+02
-2.744886e-05 8.809990e+02 3.531994e+02 9.752888e+02
-2.623206e-05 8.809990e+02 3.531994e+02 9.752888e+02
-2.512969e-05 8.809990e+02 3.531994e+02 9.752888e+02
-2.414114e-05 8.809990e+02 3.531994e+02 9.752888e+02
-2.326683e-05 8.809990e+02 3.531994e+02 9.752888e+02
-2.250828e-05 8.809990e+02 3.531994e+02 9.752888e+02
-2.186819e-05 8.809990e+02 3.531994e+02 9.752888e+02
-2.135048e-05 8.809990e+02 3.531994e+02 9.752888e+02
-2.096032e-05 8.809990e+02 3.531994e+02 9.752888e+02
-2.070407e-05 8.809990e+02 3.531994e+02 9.752888e+02
-2.058920e-05 8.809990e+02 3.531994e+02 9.752888e+02
-2.062409e-05 8.809990e+02 3.531994e+02 9.752888e+02
-2.081770e-05 8.809990e+02 3.531994e+02 9.752888e+02
-2.117907e-05 8.809990e+02 3.531994e+02 9.752888e+02
-2.171664e-05 8.809990e+02 3.531994e+02 9.752888e+02
-2.243726e-05 8.809990e+02 3.531994e+02 9.752888e+02
-2.334498e-05 8.809990e+02 3.531994e+02 9.752888e+02
-2.443952e-05 8.809990e+02 3.531994e+02 9.752888e+02
-2.571460e-05 8.809990e+02 3.531994e+02 9.752888e+02
-2.715603e-05 8.809990e+02 3.531994e+02 9.752888e+02
-2.874001e-05 8.809990e+02 3.531994e+02 9.752888e+02
-3.043167e-05 8.809990e+02 3.531994e+02 9.752888e+02
-3.218442e-05 8.809990e+02 3.531994e+02 9.752888e+02
-3.394030e-05 8.809990e+02 3.531994e+02 9.752889e+02
-3.563177e-05 8.809990e+02 3.531994e+02 9.752889e+02
-3.718511e-05 8.809990e+02 3.531994e+02 9.752889e+02
-3.852533e-05 8.809990e+02 3.531994e+02 9.752889e+02
-3.958231e-05 8.809990e+02 3.531994e+02 9.752889e+02
-4.029726e-05 8.809990e+02 3.531994e+02 9.752889e+02
-4.062882e-05 8.809990e+02 3.531994e+02 9.752889e+02
-4.055757e-05 8.809990e+02 3.531994e+02 9.752889e+02
-4.008833e-05 8.809990e+02 3.531994e+02 9.752889e+02
-3.924965e-05 8.809990e+02 3.531994e+02 9.752889e+02
-3.809079e-05 8.809990e+02 3.531994e+02 9.752889e+02
-3.667657e-05 8.809990e+02 3.531994e+02 9.752889e+02
-3.508107e-05 8.809990e+02 3.531994e+02 9.752889e+02
-3.338123e-05 8.809990e+02 3.531994e+02 9.752888e+02
-3.165116e-05 8.809990e+02 3.531994e+02 9.752888e+02
-2.995773e-05 8.809990e+02 3.531994e+02 9.752888e+02
-2.835784e-05 8.809990e+02 3.531994e+02 9.752888e+02
-2.689718e-05 8.809990e+02 3.531994e+02 9.752888e+02
-2.561039e-05 8.809990e+02 3.531994e+02 9.752888e+02
-2.452211e-05 8.809990e+02 3.531994e+02 9.752888e+02
-2.364864e-05 8.809990e+02 3.531994e+02 9.752888e+02
-2.299990e-05 8.809990e+02 3.531994e+02 9.752888e+02
-2.258134e-05 8.809990e+02 3.531994e+02 9.752888e+02
-2.239578e-05 8.809990e+02 3.531994e+02 9.752888e+02
-2.244502e-05 8.809990e+02 3.531994e+02 9.752888e+02
-2.273110e-05 8.809990e+02 3.531994e+02 9.752888e+02
-2.325747e-05 8.809990e+02 3.531994e+02 9.752888e+02
-2.402985e-05 8.809990e+02 3.531994e+02 9.752888e+02
-2.505697e-05 8.809990e+02 3.531994e+02 9.752888e+02
-2.635123e-05 8.809990e+02 3.531994e+02 9.752888e+02
-2.792920e-05 8.809990e+02 3.531994e+02 9.752888e+02
-2.981221e-05 8.809990e+02 3.531994e+02 9.752888e+02
-3.202692e-05 8.809990e+02 3.531994e+02 9.752888e+02
-3.460585e-05 8.809990e+02 3.531994e+02 9.752889e+02
-3.758809e-05 8.809990e+02 3.531994e+02 9.752889e+02
-4.101997e-05 8.809990e+02 3.531994e+02 9.752889e+02
-4.495599e-05 8.809990e+02 3.531994e+02 9.752889e+02
-4.945964e-05 8.809990e+02 3.531994e+02 9.752889e+02
-5.460450e-05 8.809990e+02 3.531994e+02 9.752889e+02
-6.047539e-05 8.809990e+02 3.531994e+02 9.752889e+02
-6.716956e-05 8.809990e+02 3.531994e+02 9.752889e+02
-7.479801e-05 8.809991e+02 3.531994e+02 9.752889e+02
-8.348683e-05 8.809991e+02 3.531994e+02 9.752889e+02
-9.337852e-05 8.809991e+02 3.531994e+02 9.752889e+02
-1.046331e-04 8.809991e+02 3.531994e+02 9.752889e+02
-1.174293e-04 8.809991e+02 3.531995e+02 9.752889e+02
-1.319646e-04 8.809991e+02 3.531995e+02 9.752890e+02
-1.484559e-04 8.809991e+02 3.531995e+02 9.752890e+02
-1.671381e-04 8.809991e+02 3.531995e+02 9.752890e+02
-1.882620e-04 8.809992e+02 3.531995e+02 9.752890e+02
-2.120908e-04 8.809992e+02 3.531995e+02 9.752890e+02
-2.388941e-04 8.809992e+02 3.531995e+02 9.752891e+02
-2.689393e-04 8.809992e+02 3.531995e+02 9.752891e+02
-3.024803e-04 8.809993e+02 3.531995e+02 9.752891e+02
-3.397421e-04 8.809993e+02 3.531995e+02 9.752892e+02
-3.809018e-04 8.809994e+02 3.531996e+02 9.752892e+02
-4.260652e-04 8.809994e+02 3.531996e+02 9.752893e+02
-4.752401e-04 8.809995e+02 3.531996e+02 9.752893e+02
-5.283062e-04 8.809995e+02 3.531996e+02 9.752894e+02
-5.849848e-04 8.809996e+02 3.531996e+02 9.752895e+02
-6.448085e-04 8.809996e+02 3.531997e+02 9.752895e+02
-7.070968e-04 8.809997e+02 3.531997e+02 9.752896e+02
-7.709406e-04 8.809997e+02 3.531997e+02 9.752897e+02
-8.351994e-04 8.809998e+02 3.531997e+02 9.752897e+02
-8.985181e-04 8.809999e+02 3.531998e+02 9.752898e+02
-9.593641e-04 8.809999e+02 3.531998e+02 9.752899e+02
-1.016088e-03 8.810000e+02 3.531998e+02 9.752899e+02
-1.067008e-03 8.810000e+02 3.531998e+02 9.752900e+02
-1.110503e-03 8.810001e+02 3.531999e+02 9.752900e+02
-1.145129e-03 8.810001e+02 3.531999e+02 9.752901e+02
-1.169714e-03 8.810001e+02 3.531999e+02 9.752901e+02
-1.183455e-03 8.810002e+02 3.531999e+02 9.752901e+02
-1.185975e-03 8.810002e+02 3.531999e+02 9.752901e+02
-1.177354e-03 8.810002e+02 3.531999e+02 9.752901e+02
-1.158116e-03 8.810001e+02 3.531999e+02 9.752901e+02
-1.129180e-03 8.810001e+02 3.531999e+02 9.752901e+02
-1.091785e-03 8.810001e+02 3.531998e+02 9.752900e+02
-1.047386e-03 8.810000e+02 3.531998e+02 9.752900e+02
-9.975531e-04 8.810000e+02 3.531998e+02 9.752899e+02
-9.438660e-04 8.809999e+02 3.531998e+02 9.752899e+02
-8.878286e-04 8.809999e+02 3.531998e+02 9.752898e+02
-8.307998e-04 8.809998e+02 3.531997e+02 9.752897e+02
-7.739478e-04 8.809998e+02 3.531997e+02 9.752897e+02
-7.182266e-04 8.809997e+02 3.531997e+02 9.752896e+02
-6.643714e-04 8.809996e+02 3.531997e+02 9.752895e+02
-6.129096e-04 8.809996e+02 3.531997e+02 9.752895e+02
-5.641822e-04 8.809995e+02 3.531996e+02 9.752894e+02
-5.183725e-04 8.809995e+02 3.531996e+02 9.752894e+02
-4.755368e-04 8.809995e+02 3.531996e+02 9.752893e+02
-4.356370e-04 8.809994e+02 3.531996e+02 9.752893e+02
-3.985691e-04 8.809994e+02 3.531996e+02 9.752893e+02
-3.641903e-04 8.809993e+02 3.531996e+02 9.752892e+02
-3.323393e-04 8.809993e+02 3.531995e+02 9.752892e+02
-3.028529e-04 8.809993e+02 3.531995e+02 9.752891e+02
-2.755769e-04 8.809993e+02 3.531995e+02 9.752891e+02
-2.503713e-04 8.809992e+02 3.531995e+02 9.752891e+02
-2.271128e-04 8.809992e+02 3.531995e+02 9.752891e+02
-2.056928e-04 8.809992e+02 3.531995e+02 9.752890e+02
-1.860147e-04 8.809992e+02 3.531995e+02 9.752890e+02
-1.679896e-04 8.809991e+02 3.531995e+02 9.752890e+02
-1.515329e-04 8.809991e+02 3.531995e+02 9.752890e+02
-1.365610e-04 8.809991e+02 3.531995e+02 9.752890e+02
-1.229895e-04 8.809991e+02 3.531995e+02 9.752889e+02
-1.107320e-04 8.809991e+02 3.531995e+02 9.752889e+02
-9.970021e-05 8.809991e+02 3.531994e+02 9.752889e+02
-8.980475e-05 8.809991e+02 3.531994e+02 9.752889e+02
-8.095615e-05 8.809991e+02 3.531994e+02 9.752889e+02
-7.306613e-05 8.809990e+02 3.531994e+02 9.752889e+02
-6.604892e-05 8.809990e+02 3.531994e+02 9.752889e+02
-5.982235e-05 8.809990e+02 3.531994e+02 9.752889e+02
-5.430873e-05 8.809990e+02 3.531994e+02 9.752889e+02
-4.943552e-05 8.809990e+02 3.531994e+02 9.752889e+02
-4.513570e-05 8.809990e+02 3.531994e+02 9.752889e+02
-4.134794e-05 8.809990e+02 3.531994e+02 9.752889e+02
-3.801657e-05 8.809990e+02 3.531994e+02 9.752889e+02
-3.509145e-05 8.809990e+02 3.531994e+02 9.752889e+02
-3.252770e-05 8.809990e+02 3.531994e+02 9.752888e+02
-3.028537e-05 8.809990e+02 3.531994e+02 9.752888e+02
-2.832906e-05 8.809990e+02 3.531994e+02 9.752888e+02
-2.662759e-05 8.809990e+02 3.531994e+02 9.752888e+02
-2.515356e-05 8.809990e+02 3.531994e+02 9.752888e+02
-2.388300e-05 8.809990e+02 3.531994e+02 9.752888e+02
-2.279506e-05 8.809990e+02 3.531994e+02 9.752888e+02
-2.187163e-05 8.809990e+02 3.531994e+02 9.752888e+02
-2.109712e-05 8.809990e+02 3.531994e+02 9.752888e+02
-2.045812e-05 8.809990e+02 3.531994e+02 9.752888e+02
-1.994323e-05 8.809990e+02 3.531994e+02 9.752888e+02
-1.954279e-05 8.809990e+02 3.531994e+02 9.752888e+02
-1.924877e-05 8.809990e+02 3.531994e+02 9.752888e+02
-1.905455e-05 8.809990e+02 3.531994e+02 9.752888e+02
-1.895479e-05 8.809990e+02 3.531994e+02 9.752888e+02
-1.894531e-05 8.809990e+02 3.531994e+02 9.752888e+02
-1.902301e-05 8.809990e+02 3.531994e+02 9.752888e+02
-1.918570e-05 8.809990e+02 3.531994e+02 9.752888e+02
-1.943210e-05 8.809990e+02 3.531994e+02 9.752888e+02
-1.976169e-05 8.809990e+02 3.531994e+02 9.752888e+02
-2.017469e-05 8.809990e+02 3.531994e+02 9.752888e+02
-2.067197e-05 8.809990e+02 3.531994e+02 9.752888e+02
-2.125499e-05 8.809990e+02 3.531994e+02 9.752888e+02
-2.192573e-05 8.809990e+02 3.531994e+02 9.752888e+02
-2.268666e-05 8.809990e+02 3.531994e+02 9.752888e+02
-2.354063e-05 8.809990e+02 3.531994e+02 9.752888e+02
-2.449082e-05 8.809990e+02 3.531994e+02 9.752888e+02
-2.554065e-05 8.809990e+02 3.531994e+02 9.752888e+02
-2.669368e-05 8.809990e+02 3.531994e+02 9.752888e+02
-2.795352e-05 8.809990e+02 3.531994e+02 9.752888e+02
-2.932366e-05 8.809990e+02 3.531994e+02 9.752888e+02
-3.080740e-05 8.809990e+02 3.531994e+02 9.752888e+02
-3.240758e-05 8.809990e+02 3.531994e+02 9.752888e+02
-3.412647e-05 8.809990e+02 3.531994e+02 9.752889e+02
-3.596553e-05 8.809990e+02 3.531994e+02 9.752889e+02
-3.792516e-05 8.809990e+02 3.531994e+02 9.752889e+02
-4.000447e-05 8.809990e+02 3.531994e+02 9.752889e+02
-4.220100e-05 8.809990e+02 3.531994e+02 9.752889e+02
-4.451044e-05 8.809990e+02 3.531994e+02 9.752889e+02
-4.692638e-05 8.809990e+02 3.531994e+02 9.752889e+02
-4.944004e-05 8.809990e+02 3.531994e+02 9.752889e+02
-5.204006e-05 8.809990e+02 3.531994e+02 9.752889e+02
-5.471232e-05 8.809990e+02 3.531994e+02 9.752889e+02
-5.743983e-05 8.809990e+02 3.531994e+02 9.752889e+02
-6.020277e-05 8.809990e+02 3.531994e+02 9.752889e+02
-6.297851e-05 8.809990e+02 3.531994e+02 9.752889e+02
-6.574187e-05 8.809990e+02 3.531994e+02 9.752889e+02
-6.846551e-05 8.809990e+02 3.531994e+02 9.752889e+02
-7.112037e-05 8.809990e+02 3.531994e+02 9.752889e+02
-7.367632e-05 8.809991e+02 3.531994e+02 9.752889e+02
-7.610296e-05 8.809991e+02 3.531994e+02 9.752889e+02
-7.837044e-05 8.809991e+02 3.531994e+02 9.752889e+02
-8.045037e-05 8.809991e+02 3.531994e+02 9.752889e+02
-8.231682e-05 8.809991e+02 3.531994e+02 9.752889e+02
-8.394715e-05 8.809991e+02 3.531994e+02 9.752889e+02
-8.532291e-05 8.809991e+02 3.531994e+02 9.752889e+02
-8.643047e-05 8.809991e+02 3.531994e+02 9.752889e+02
-8.726156e-05 8.809991e+02 3.531994e+02 9.752889e+02
-8.781355e-05 8.809991e+02 3.531994e+02 9.752889e+02
-8.808949e-05 8.809991e+02 3.531994e+02 9.752889e+02
-8.809796e-05 8.809991e+02 3.531994e+02 9.752889e+02
-8.785263e-05 8.809991e+02 3.531994e+02 9.752889e+02
-8.737166e-05 8.809991e+02 3.531994e+02 9.752889e+02
-8.667693e-05 8.809991e+02 3.531994e+02 9.752889e+02
-8.579316e-05 8.809991e+02 3.531994e+02 9.752889e+02
-8.474696e-05 8.809991e+02 3.531994e+02 9.752889e+02
-8.356594e-05 8.809991e+02 3.531994e+02 9.752889e+02
-8.227777e-05 8.809991e+02 3.531994e+02 9.752889e+02
-8.090939e-05 8.809991e+02 3.531994e+02 9.752889e+02
-7.948632e-05 8.809991e+02 3.531994e+02 9.752889e+02
-7.803207e-05 8.809991e+02 3.531994e+02 9.752889e+02
-7.656777e-05 8.809991e+02 3.531994e+02 9.752889e+02
-7.511185e-05 8.809991e+02 3.531994e+02 9.752889e+02
-7.367992e-05 8.809991e+02 3.531994e+02 9.752889e+02
-7.228469e-05 8.809990e+02 3.531994e+02 9.752889e+02
-7.093609e-05 8.809990e+02 3.531994e+02 9.752889e+02
-6.964142e-05 8.809990e+02 3.531994e+02 9.752889e+02
-6.840548e-05 8.809990e+02 3.531994e+02 9.752889e+02
-6.723090e-05 8.809990e+02 3.531994e+02 9.752889e+02
-6.611837e-05 8.809990e+02 3.531994e+02 9.752889e+02
-6.506691e-05 8.809990e+02 3.531994e+02 9.752889e+02
-6.407416e-05 8.809990e+02 3.531994e+02 9.752889e+02
-6.313668e-05 8.809990e+02 3.531994e+02 9.752889e+02
-6.225017e-05 8.809990e+02 3.531994e+02 9.752889e+02
-6.140972e-05 8.809990e+02 3.531994e+02 9.752889e+02
-6.061005e-05 8.809990e+02 3.531994e+02 9.752889e+02
-5.984573e-05 8.809990e+02 3.531994e+02 9.752889e+02
-5.911133e-05 8.809990e+02 3.531994e+02 9.752889e+02
-5.840164e-05 8.809990e+02 3.531994e+02 9.752889e+02
-5.771181e-05 8.809990e+02 3.531994e+02 9.752889e+02
-5.703747e-05 8.809990e+02 3.531994e+02 9.752889e+02
-5.637487e-05 8.809990e+02 3.531994e+02 9.752889e+02
-5.572095e-05 8.809990e+02 3.531994e+02 9.752889e+02
-5.507346e-05 8.809990e+02 3.531994e+02 9.752889e+02
-5.443095e-05 8.809990e+02 3.531994e+02 9.752889e+02
-5.379284e-05 8.809990e+02 3.531994e+02 9.752889e+02
-5.315936e-05 8.809990e+02 3.531994e+02 9.752889e+02
-5.253159e-05 8.809990e+02 3.531994e+02 9.752889e+02
-5.191132e-05 8.809990e+02 3.531994e+02 9.752889e+02
-5.130103e-05 8.809990e+02 3.531994e+02 9.752889e+02
-5.070378e-05 8.809990e+02 3.531994e+02 9.752889e+02
-5.012306e-05 8.809990e+02 3.531994e+02 9.752889e+02
-4.956273e-05 8.809990e+02 3.531994e+02 9.752889e+02
-4.902687e-05 8.809990e+02 3.531994e+02 9.752889e+02
-4.851965e-05 8.809990e+02 3.531994e+02 9.752889e+02
-4.804526e-05 8.809990e+02 3.531994e+02 9.752889e+02
-4.760777e-05 8.809990e+02 3.531994e+02 9.752889e+02
-4.721108e-05 8.809990e+02 3.531994e+02 9.752889e+02
-4.685882e-05 8.809990e+02 3.531994e+02 9.752889e+02
-4.655432e-05 8.809990e+02 3.531994e+02 9.752889e+02
-4.630058e-05 8.809990e+02 3.531994e+02 9.752889e+02
-4.610021e-05 8.809990e+02 3.531994e+02 9.752889e+02
-4.595545e-05 8.809990e+02 3.531994e+02 9.752889e+02
-4.586817e-05 8.809990e+02 3.531994e+02 9.752889e+02
-4.583986e-05 8.809990e+02 3.531994e+02 9.752889e+02
-4.587165e-05 8.809990e+02 3.531994e+02 9.752889e+02
-4.596436e-05 8.809990e+02 3.531994e+02 9.752889e+02
-4.611848e-05 8.809990e+02 3.531994e+02 9.752889e+02
-4.633422e-05 8.809990e+02 3.531994e+02 9.752889e+02
-4.661153e-05 8.809990e+02 3.531994e+02 9.752889e+02
-4.695015e-05 8.809990e+02 3.531994e+02 9.752889e+02
-4.734957e-05 8.809990e+02 3.531994e+02 9.752889e+02
-4.780913e-05 8.809990e+02 3.531994e+02 9.752889e+02
-4.832800e-05 8.809990e+02 3.531994e+02 9.752889e+02
-4.890521e-05 8.809990e+02 3.531994e+02 9.752889e+02
-4.953970e-05 8.809990e+02 3.531994e+02 9.752889e+02
-5.023028e-05 8.809990e+02 3.531994e+02 9.752889e+02
-5.097572e-05 8.809990e+02 3.531994e+02 9.752889e+02
-5.177473e-05 8.809990e+02 3.531994e+02 9.752889e+02
-5.262601e-05 8.809990e+02 3.531994e+02 9.752889e+02
-5.352828e-05 8.809990e+02 3.531994e+02 9.752889e+02
-5.448029e-05 8.809990e+02 3.531994e+02 9.752889e+02
-5.548088e-05 8.809990e+02 3.531994e+02 9.752889e+02
-5.652902e-05 8.809990e+02 3.531994e+02 9.752889e+02
-5.762388e-05 8.809990e+02 3.531994e+02 9.752889e+02
-5.876487e-05 8.809990e+02 3.531994e+02 9.752889e+02
-5.995170e-05 8.809990e+02 3.531994e+02 9.752889e+02
-6.118454e-05 8.809990e+02 3.531994e+02 9.752889e+02
-6.246403e-05 8.809990e+02 3.531994e+02 9.752889e+02
-6.379147e-05 8.809990e+02 3.531994e+02 9.752889e+02
-6.516891e-05 8.809990e+02 3.531994e+02 9.752889e+02
-6.659935e-05 8.809990e+02 3.531994e+02 9.752889e+02
-6.808690e-05 8.809990e+02 3.531994e+02 9.752889e+02
-6.963700e-05 8.809990e+02 3.531994e+02 9.752889e+02
-7.125667e-05 8.809990e+02 3.531994e+02 9.752889e+02
-7.295480e-05 8.809990e+02 3.531994e+02 9.752889e+02
-7.474244e-05 8.809991e+02 3.531994e+02 9.752889e+02
-7.663325e-05 8.809991e+02 3.531994e+02 9.752889e+02
-7.864386e-05 8.809991e+02 3.531994e+02 9.752889e+02
-8.079444e-05 8.809991e+02 3.531994e+02 9.752889e+02
-8.310925e-05 8.809991e+02 3.531994e+02 9.752889e+02
-8.561735e-05 8.809991e+02 3.531994e+02 9.752889e+02
-8.835344e-05 8.809991e+02 3.531994e+02 9.752889e+02
-9.135877e-05 8.809991e+02 3.531994e+02 9.752889e+02
-9.468233e-05 8.809991e+02 3.531994e+02 9.752889e+02
-9.838221e-05 8.809991e+02 3.531994e+02 9.752889e+02
-1.025272e-04 8.809991e+02 3.531994e+02 9.752889e+02
-1.071989e-04 8.809991e+02 3.531994e+02 9.752889e+02
-1.124938e-04 8.809991e+02 3.531995e+02 9.752889e+02
-1.185267e-04 8.809991e+02 3.531995e+02 9.752889e+02
-1.254339e-04 8.809991e+02 3.531995e+02 9.752890e+02
-1.333777e-04 8.809991e+02 3.531995e+02 9.752890e+02
-1.425518e-04 8.809991e+02 3.531995e+02 9.752890e+02
-1.531884e-04 8.809991e+02 3.531995e+02 9.752890e+02
-1.655659e-04 8.809991e+02 3.531995e+02 9.752890e+02
-1.800203e-04 8.809992e+02 3.531995e+02 9.752890e+02
-1.969577e-04 8.809992e+02 3.531995e+02 9.752890e+02
-2.168716e-04 8.809992e+02 3.531995e+02 9.752891e+02
-2.403636e-04 8.809992e+02 3.531995e+02 9.752891e+02
-2.681710e-04 8.809992e+02 3.531995e+02 9.752891e+02
-3.012014e-04 8.809993e+02 3.531995e+02 9.752891e+02
-3.405775e-04 8.809993e+02 3.531995e+02 9.752892e+02
-3.876950e-04 8.809994e+02 3.531996e+02 9.752892e+02
-4.442990e-04 8.809994e+02 3.531996e+02 9.752893e+02
-5.125829e-04 8.809995e+02 3.531996e+02 9.752894e+02
-5.953198e-04 8.809996e+02 3.531996e+02 9.752895e+02
-6.960375e-04 8.809997e+02 3.531997e+02 9.752896e+02
-8.192524e-04 8.809998e+02 3.531997e+02 9.752897e+02
-9.707843e-04 8.810000e+02 3.531998e+02 9.752899e+02
-1.158186e-03 8.810001e+02 3.531999e+02 9.752901e+02
-1.391331e-03 8.810004e+02 3.532000e+02 9.752904e+02
-1.683226e-03 8.810007e+02 3.532001e+02 9.752907e+02
-2.051141e-03 8.810010e+02 3.532002e+02 9.752911e+02
-2.518209e-03 8.810015e+02 3.532004e+02 9.752916e+02
-3.115687e-03 8.810021e+02 3.532007e+02 9.752923e+02
-3.886215e-03 8.810029e+02 3.532010e+02 9.752931e+02
-4.888544e-03 8.810039e+02 3.532014e+02 9.752943e+02
-6.204470e-03 8.810052e+02 3.532019e+02 9.752957e+02
-7.949159e-03 8.810070e+02 3.532026e+02 9.752977e+02
-1.028667e-02 8.810093e+02 3.532036e+02 9.753003e+02
-1.345362e-02 8.810125e+02 3.532048e+02 9.753038e+02
-1.779583e-02 8.810169e+02 3.532066e+02 9.753087e+02
-2.382576e-02 8.810230e+02 3.532090e+02 9.753154e+02
-3.231405e-02 8.810316e+02 3.532125e+02 9.753249e+02
-4.443786e-02 8.810439e+02 3.532174e+02 9.753385e+02
-6.202487e-02 8.810617e+02 3.532245e+02 9.753582e+02
-8.796193e-02 8.810880e+02 3.532351e+02 9.753873e+02
-1.268882e-01 8.811275e+02 3.532509e+02 9.754311e+02
-1.863750e-01 8.811880e+02 3.532752e+02 9.754980e+02
-2.788577e-01 8.812820e+02 3.533129e+02 9.756021e+02
-4.241421e-01 8.814294e+02 3.533720e+02 9.757653e+02
-6.475338e-01 8.816527e+02 3.534615e+02 9.760125e+02
-9.302567e-01 8.819101e+02 3.535647e+02 9.762974e+02
-8.123716e-01 8.816383e+02 3.534557e+02 9.759966e+02
8.428705e-01 8.805949e+02 3.530374e+02 9.748415e+02
-9.089097e-01 8.818534e+02 3.535420e+02 9.762347e+02
-9.213032e-01 8.820119e+02 3.536055e+02 9.764102e+02
-6.581845e-01 8.817668e+02 3.535072e+02 9.761388e+02
-4.717923e-01 8.815772e+02 3.534312e+02 9.759289e+02
-3.414876e-01 8.814441e+02 3.533779e+02 9.757816e+02
-2.347874e-01 8.813380e+02 3.533353e+02 9.756641e+02
-1.525369e-01 8.812561e+02 3.533025e+02 9.755735e+02
-9.787566e-02 8.812008e+02 3.532803e+02 9.755123e+02
-6.425598e-02 8.811665e+02 3.532666e+02 9.754743e+02
-4.362462e-02 8.811454e+02 3.532581e+02 9.754510e+02
-3.055478e-02 8.811321e+02 3.532528e+02 9.754362e+02
-2.195717e-02 8.811234e+02 3.532493e+02 9.754265e+02
-1.611128e-02 8.811175e+02 3.532469e+02 9.754200e+02
-1.202828e-02 8.811133e+02 3.532453e+02 9.754154e+02
-9.114050e-03 8.811104e+02 3.532441e+02 9.754121e+02
-6.996434e-03 8.811082e+02 3.532432e+02 9.754098e+02
-5.434092e-03 8.811067e+02 3.532426e+02 9.754080e+02
-4.266042e-03 8.811055e+02 3.532421e+02 9.754067e+02
-3.382419e-03 8.811046e+02 3.532418e+02 9.754057e+02
-2.706804e-03 8.811039e+02 3.532415e+02 9.754050e+02
-2.185171e-03 8.811034e+02 3.532413e+02 9.754044e+02
-1.778786e-03 8.811030e+02 3.532411e+02 9.754040e+02
-1.459523e-03 8.811027e+02 3.532410e+02 9.754036e+02
-1.206729e-03 8.811024e+02 3.532409e+02 9.754033e+02
-1.005081e-03 8.811022e+02 3.532408e+02 9.754031e+02
-8.431016e-04 8.811021e+02 3.532407e+02 9.754029e+02
-7.121185e-04 8.811019e+02 3.532407e+02 9.754028e+02
-6.055275e-04 8.811018e+02 3.532406e+02 9.754027e+02
-5.182607e-04 8.811017e+02 3.532406e+02 9.754026e+02
-4.464022e-04 8.811017e+02 3.532406e+02 9.754025e+02
-3.869073e-04 8.811016e+02 3.532405e+02 9.754024e+02
-3.373940e-04 8.811015e+02 3.532405e+02 9.754024e+02
-2.959888e-04 8.811015e+02 3.532405e+02 9.754023e+02
-2.612100e-04 8.811015e+02 3.532405e+02 9.754023e+02
-2.318798e-04 8.811014e+02 3.532405e+02 9.754022e+02
-2.070577e-04 8.811014e+02 3.532405e+02 9.754022e+02
-1.859889e-04 8.811014e+02 3.532405e+02 9.754022e+02
-1.680648e-04 8.811014e+02 3.532405e+02 9.754022e+02
-1.527924e-04 8.811014e+02 3.532405e+02 9.754022e+02
-1.397708e-04 8.811013e+02 3.532404e+02 9.754021e+02
-1.286722e-04 8.811013e+02 3.532404e+02 9.754021e+02
-1.192278e-04 8.811013e+02 3.532404e+02 9.754021e+02
-1.112161e-04 8.811013e+02 3.532404e+02 9.754021e+02
-1.044541e-04 8.811013e+02 3.532404e+02 9.754021e+02
-9.879001e-05 8.811013e+02 3.532404e+02 9.754021e+02
-9.409793e-05 8.811013e+02 3.532404e+02 9.754021e+02
-9.027305e-05 8.811013e+02 3.532404e+02 9.754021e+02
-8.722831e-05 8.811013e+02 3.532404e+02 9.754021e+02
-8.489139e-05 8.811013e+02 3.532404e+02 9.754021e+02
-8.320248e-05 8.811013e+02 3.532404e+02 9.754021e+02
-8.211237e-05 8.811013e+02 3.532404e+02 9.754021e+02
-8.158094e-05 8.811013e+02 3.532404e+02 9.754021e+02
-8.157588e-05 8.811013e+02 3.532404e+02 9.754021e+02
-8.207167e-05 8.811013e+02 3.532404e+02 9.754021e+02
-8.304870e-05 8.811013e+02 3.532404e+02 9.754021e+02
-8.449257e-05 8.811013e+02 3.532404e+02 9.754021e+02
-8.639343e-05 8.811013e+02 3.532404e+02 9.754021e+02
-8.874549e-05 8.811013e+02 3.532404e+02 9.754021e+02
-9.154652e-05 8.811013e+02 3.532404e+02 9.754021e+02
-9.479745e-05 8.811013e+02 3.532404e+02 9.754021e+02
-9.850201e-05 8.811013e+02 3.532404e+02 9.754021e+02
-1.026664e-04 8.811013e+02 3.532404e+02 9.754021e+02
-1.072988e-04 8.811013e+02 3.532404e+02 9.754021e+02
-1.124094e-04 8.811013e+02 3.532404e+02 9.754021e+02
-1.180098e-04 8.811013e+02 3.532404e+02 9.754021e+02
-1.241127e-04 8.811013e+02 3.532404e+02 9.754021e+02
-1.307317e-04 8.811013e+02 3.532404e+02 9.754021e+02
-1.378808e-04 8.811013e+02 3.532404e+02 9.754021e+02
-1.455743e-04 8.811014e+02 3.532404e+02 9.754021e+02
-1.538261e-04 8.811014e+02 3.532405e+02 9.754022e+02
-1.626494e-04 8.811014e+02 3.532405e+02 9.754022e+02
-1.720561e-04 8.811014e+02 3.532405e+02 9.754022e+02
-1.820563e-04 8.811014e+02 3.532405e+02 9.754022e+02
-1.926579e-04 8.811014e+02 3.532405e+02 9.754022e+02
-2.038658e-04 8.811014e+02 3.532405e+02 9.754022e+02
-2.156810e-04 8.811014e+02 3.532405e+02 9.754022e+02
-2.281005e-04 8.811014e+02 3.532405e+02 9.754022e+02
-2.411156e-04 8.811014e+02 3.532405e+02 9.754023e+02
-2.547123e-04 8.811015e+02 3.532405e+02 9.754023e+02
-2.688692e-04 8.811015e+02 3.532405e+02 9.754023e+02
-2.835580e-04 8.811015e+02 3.532405e+02 9.754023e+02
-2.987420e-04 8.811015e+02 3.532405e+02 9.754023e+02
-3.143756e-04 8.811015e+02 3.532405e+02 9.754023e+02
-3.304042e-04 8.811015e+02 3.532405e+02 9.754023e+02
-3.467636e-04 8.811016e+02 3.532405e+02 9.754024e+02
-3.633799e-04 8.811016e+02 3.532405e+02 9.754024e+02
-3.801699e-04 8.811016e+02 3.532405e+02 9.754024e+02
-3.970415e-04 8.811016e+02 3.532405e+02 9.754024e+02
-4.138944e-04 8.811016e+02 3.532406e+02 9.754024e+02
-4.306217e-04 8.811016e+02 3.532406e+02 9.754025e+02
-4.471112e-04 8.811017e+02 3.532406e+02 9.754025e+02
-4.632475e-04 8.811017e+02 3.532406e+02 9.754025e+02
-4.789143e-04 8.811017e+02 3.532406e+02 9.754025e+02
-4.939975e-04 8.811017e+02 3.532406e+02 9.754025e+02
-5.083878e-04 8.811017e+02 3.532406e+02 9.754025e+02
-5.219837e-04 8.811017e+02 3.532406e+02 9.754026e+02
-5.346951e-04 8.811017e+02 3.532406e+02 9.754026e+02
-5.464458e-04 8.811018e+02 3.532406e+02 9.754026e+02
-5.571762e-04 8.811018e+02 3.532406e+02 9.754026e+02
-5.668450e-04 8.811018e+02 3.532406e+02 9.754026e+02
-5.754302e-04 8.811018e+02 3.532406e+02 9.754026e+02
-5.829285e-04 8.811018e+02 3.532406e+02 9.754026e+02
-5.893531e-04 8.811018e+02 3.532406e+02 9.754026e+02
-5.947303e-04 8.811018e+02 3.532406e+02 9.754026e+02
-5.990931e-04 8.811018e+02 3.532406e+02 9.754026e+02
-6.024731e-04 8.811018e+02 3.532406e+02 9.754027e+02
-6.048913e-04 8.811018e+02 3.532406e+02 9.754027e+02
-6.063474e-04 8.811018e+02 3.532406e+02 9.754027e+02
-6.068091e-04 8.811018e+02 3.532406e+02 9.754027e+02
-6.062039e-04 8.811018e+02 3.532406e+02 9.754027e+02
-6.044145e-04 8.811018e+02 3.532406e+02 9.754027e+02
-6.012800e-04 8.811018e+02 3.532406e+02 9.754026e+02
-5.966055e-04 8.811018e+02 3.532406e+02 9.754026e+02
-5.901788e-04 8.811018e+02 3.532406e+02 9.754026e+02
-5.817954e-04 8.811018e+02 3.532406e+02 9.754026e+02
-5.712879e-04 8.811018e+02 3.532406e+02 9.754026e+02
-5.585556e-04 8.811018e+02 3.532406e+02 9.754026e+02
-5.435893e-04 8.811017e+02 3.532406e+02 9.754026e+02
-5.264861e-04 8.811017e+02 3.532406e+02 9.754026e+02
-5.074515e-04 8.811017e+02 3.532406e+02 9.754025e+02
-4.867879e-04 8.811017e+02 3.532406e+02 9.754025e+02
-4.648710e-04 8.811017e+02 3.532406e+02 9.754025e+02
-4.421195e-04 8.811016e+02 3.532406e+02 9.754025e+02
-4.189621e-04 8.811016e+02 3.532406e+02 9.754024e+02
-3.958077e-04 8.811016e+02 3.532405e+02 9.754024e+02
-3.730216e-04 8.811016e+02 3.532405e+02 9.754024e+02
-3.509099e-04 8.811016e+02 3.532405e+02 9.754024e+02
-3.297128e-04 8.811015e+02 3.532405e+02 9.754023e+02
-3.096040e-04 8.811015e+02 3.532405e+02 9.754023e+02
-2.906965e-04 8.811015e+02 3.532405e+02 9.754023e+02
-2.730507e-04 8.811015e+02 3.532405e+02 9.754023e+02
-2.566843e-04 8.811015e+02 3.532405e+02 9.754023e+02
-2.415824e-04 8.811014e+02 3.532405e+02 9.754023e+02
-2.277070e-04 8.811014e+02 3.532405e+02 9.754022e+02
-2.150041e-04 8.811014e+02 3.532405e+02 9.754022e+02
-2.034106e-04 8.811014e+02 3.532405e+02 9.754022e+02
-1.928593e-04 8.811014e+02 3.532405e+02 9.754022e+02
-1.832818e-04 8.811014e+02 3.532405e+02 9.754022e+02
-1.746119e-04 8.811014e+02 3.532405e+02 9.754022e+02
-1.667869e-04 8.811014e+02 3.532405e+02 9.754022e+02
-1.597485e-04 8.811014e+02 3.532405e+02 9.754022e+02
-1.534437e-04 8.811014e+02 3.532405e+02 9.754022e+02
-1.478251e-04 8.811014e+02 3.532404e+02 9.754021e+02
-1.428507e-04 8.811013e+02 3.532404e+02 9.754021e+02
-1.384843e-04 8.811013e+02 3.532404e+02 9.754021e+02
-1.346950e-04 8.811013e+02 3.532404e+02 9.754021e+02
-1.314573e-04 8.811013e+02 3.532404e+02 9.754021e+02
-1.287510e-04 8.811013e+02 3.532404e+02 9.754021e+02
-1.265609e-04 8.811013e+02 3.532404e+02 9.754021e+02
-1.248772e-04 8.811013e+02 3.532404e+02 9.754021e+02
-1.236953e-04 8.811013e+02 3.532404e+02 9.754021e+02
-1.230159e-04 8.811013e+02 3.532404e+02 9.754021e+02
-1.228452e-04 8.811013e+02 3.532404e+02 9.754021e+02
-1.231952e-04 8.811013e+02 3.532404e+02 9.754021e+02
-1.240841e-04 8.811013e+02 3.532404e+02 9.754021e+02
-1.255369e-04 8.811013e+02 3.532404e+02 9.754021e+02
-1.275855e-04 8.811013e+02 3.532404e+02 9.754021e+02
-1.302696e-04 8.811013e+02 3.532404e+02 9.754021e+02
-1.336378e-04 8.811013e+02 3.532404e+02 9.754021e+02
-1.377478e-04 8.811013e+02 3.532404e+02 9.754021e+02
-1.426677e-04 8.811013e+02 3.532404e+02 9.754021e+02
-1.484775e-04 8.811014e+02 3.532404e+02 9.754021e+02
-1.552695e-04 8.811014e+02 3.532405e+02 9.754022e+02
-1.631503e-04 8.811014e+02 3.532405e+02 9.754022e+02
-1.722418e-04 8.811014e+02 3.532405e+02 9.754022e+02
-1.826829e-04 8.811014e+02 3.532405e+02 9.754022e+02
-1.946310e-04 8.811014e+02 3.532405e+02 9.754022e+02
-2.082632e-04 8.811014e+02 3.532405e+02 9.754022e+02
-2.237780e-04 8.811014e+02 3.532405e+02 9.754022e+02
-2.413964e-04 8.811014e+02 3.532405e+02 9.754023e+02
-2.613622e-04 8.811015e+02 3.532405e+02 9.754023e+02
-2.839428e-04 8.811015e+02 3.532405e+02 9.754023e+02
-3.094284e-04 8.811015e+02 3.532405e+02 9.754023e+02
-3.381301e-04 8.811015e+02 3.532405e+02 9.754024e+02
-3.703768e-04 8.811016e+02 3.532405e+02 9.754024e+02
-4.065103e-04 8.811016e+02 3.532406e+02 9.754024e+02
-4.468776e-04 8.811017e+02 3.532406e+02 9.754025e+02
-4.918207e-04 8.811017e+02 3.532406e+02 9.754025e+02
-5.416627e-04 8.811017e+02 3.532406e+02 9.754026e+02
-5.966903e-04 8.811018e+02 3.532406e+02 9.754026e+02
-6.571318e-04 8.811019e+02 3.532407e+02 9.754027e+02
-7.231311e-04 8.811019e+02 3.532407e+02 9.754028e+02
-7.947171e-04 8.811020e+02 3.532407e+02 9.754029e+02
-8.717708e-04 8.811021e+02 3.532407e+02 9.754029e+02
-9.539890e-04 8.811022e+02 3.532408e+02 9.754030e+02
-1.040850e-03 8.811022e+02 3.532408e+02 9.754031e+02
-1.131582e-03 8.811023e+02 3.532408e+02 9.754032e+02
-1.225137e-03 8.811024e+02 3.532409e+02 9.754033e+02
-1.320180e-03 8.811025e+02 3.532409e+02 9.754034e+02
-1.415092e-03 8.811026e+02 3.532410e+02 9.754035e+02
-1.507994e-03 8.811027e+02 3.532410e+02 9.754037e+02
-1.596795e-03 8.811028e+02 3.532410e+02 9.754038e+02
-1.679264e-03 8.811029e+02 3.532411e+02 9.754038e+02
-1.753131e-03 8.811030e+02 3.532411e+02 9.754039e+02
-1.816193e-03 8.811030e+02 3.532411e+02 9.754040e+02
-1.866450e-03 8.811031e+02 3.532411e+02 9.754040e+02
-1.902221e-03 8.811031e+02 3.532412e+02 9.754041e+02
-1.922259e-03 8.811031e+02 3.532412e+02 9.754041e+02
-1.925839e-03 8.811031e+02 3.532412e+02 9.754041e+02
-1.912811e-03 8.811031e+02 3.532412e+02 9.754041e+02
-1.883606e-03 8.811031e+02 3.532411e+02 9.754041e+02
-1.839211e-03 8.811030e+02 3.532411e+02 9.754040e+02
-1.781093e-03 8.811030e+02 3.532411e+02 9.754040e+02
-1.711106e-03 8.811029e+02 3.532411e+02 9.754039e+02
-1.631363e-03 8.811028e+02 3.532410e+02 9.754038e+02
-1.544117e-03 8.811027e+02 3.532410e+02 9.754037e+02
-1.451634e-03 8.811027e+02 3.532410e+02 9.754036e+02
-1.356089e-03 8.811026e+02 3.532409e+02 9.754035e+02
-1.259481e-03 8.811025e+02 3.532409e+02 9.754034e+02
-1.163571e-03 8.811024e+02 3.532409e+02 9.754033e+02
-1.069843e-03 8.811023e+02 3.532408e+02 9.754032e+02
-9.794941e-04 8.811022e+02 3.532408e+02 9.754031e+02
-8.934387e-04 8.811021e+02 3.532407e+02 9.754030e+02
-8.123252e-04 8.811020e+02 3.532407e+02 9.754029e+02
-7.365662e-04 8.811019e+02 3.532407e+02 9.754028e+02
-6.663720e-04 8.811019e+02 3.532407e+02 9.754027e+02
-6.017856e-04 8.811018e+02 3.532406e+02 9.754026e+02
-5.427184e-04 8.811017e+02 3.532406e+02 9.754026e+02
-4.889812e-04 8.811017e+02 3.532406e+02 9.754025e+02
-4.403133e-04 8.811016e+02 3.532406e+02 9.754025e+02
-3.964065e-04 8.811016e+02 3.532405e+02 9.754024e+02
-3.569244e-04 8.811016e+02 3.532405e+02 9.754024e+02
-3.215187e-04 8.811015e+02 3.532405e+02 9.754023e+02
-2.898411e-04 8.811015e+02 3.532405e+02 9.754023e+02
-2.615518e-04 8.811015e+02 3.532405e+02 9.754023e+02
-2.363265e-04 8.811014e+02 3.532405e+02 9.754022e+02
-2.138596e-04 8.811014e+02 3.532405e+02 9.754022e+02
-1.938675e-04 8.811014e+02 3.532405e+02 9.754022e+02
-1.760890e-04 8.811014e+02 3.532405e+02 9.754022e+02
-1.602859e-04 8.811014e+02 3.532405e+02 9.754022e+02
-1.462424e-04 8.811014e+02 3.532404e+02 9.754021e+02
-1.337638e-04 8.811013e+02 3.532404e+02 9.754021e+02
-1.226757e-04 8.811013e+02 3.532404e+02 9.754021e+02
-1.128222e-04 8.811013e+02 3.532404e+02 9.754021e+02
-1.040646e-04 8.811013e+02 3.532404e+02 9.754021e+02
-9.627949e-05 8.811013e+02 3.532404e+02 9.754021e+02
-8.935779e-05 8.811013e+02 3.532404e+02 9.754021e+02
-8.320285e-05 8.811013e+02 3.532404e+02 9.754021e+02
-7.772935e-05 8.811013e+02 3.532404e+02 9.754021e+02
-7.286201e-05 8.811013e+02 3.532404e+02 9.754021e+02
-6.853448e-05 8.811013e+02 3.532404e+02 9.754021e+02
-6.468828e-05 8.811013e+02 3.532404e+02 9.754021e+02
-6.127191e-05 8.811013e+02 3.532404e+02 9.754021e+02
-5.823999e-05 8.811013e+02 3.532404e+02 9.754020e+02
-5.555252e-05 8.811013e+02 3.532404e+02 9.754020e+02
-5.317425e-05 8.811013e+02 3.532404e+02 9.754020e+02
-5.107400e-05 8.811013e+02 3.532404e+02 9.754020e+02
-4.922425e-05 8.811013e+02 3.532404e+02 9.754020e+02
-4.760058e-05 8.811013e+02 3.532404e+02 9.754020e+02
-4.618134e-05 8.811013e+02 3.532404e+02 9.754020e+02
-4.494728e-05 8.811013e+02 3.532404e+02 9.754020e+02
-4.388127e-05 8.811012e+02 3.532404e+02 9.754020e+02
-4.296805e-05 8.811012e+02 3.532404e+02 9.754020e+02
-4.219406e-05 8.811012e+02 3.532404e+02 9.754020e+02
-4.154731e-05 8.811012e+02 3.532404e+02 9.754020e+02
-4.101730e-05 8.811012e+02 3.532404e+02 9.754020e+02
-4.059494e-05 8.811012e+02 3.532404e+02 9.754020e+02
-4.027261e-05 8.811012e+02 3.532404e+02 9.754020e+02
-4.004416e-05 8.811012e+02 3.532404e+02 9.754020e+02
-3.990498e-05 8.811012e+02 3.532404e+02 9.754020e+02
-3.985209e-05 8.811012e+02 3.532404e+02 9.754020e+02
-3.988425e-05 8.811012e+02 3.532404e+02 9.754020e+02
-4.000206e-05 8.811012e+02 3.532404e+02 9.754020e+02
-4.020808e-05 8.811012e+02 3.532404e+02 9.754020e+02
-4.050692e-05 8.811012e+02 3.532404e+02 9.754020e+02
-4.090540e-05 8.811012e+02 3.532404e+02 9.754020e+02
-4.141262e-05 8.811012e+02 3.532404e+02 9.754020e+02
-4.204018e-05 8.811012e+02 3.532404e+02 9.754020e+02
-4.280228e-05 8.811012e+02 3.532404e+02 9.754020e+02
-4.371600e-05 8.811012e+02 3.532404e+02 9.754020e+02
-4.480157e-05 8.811013e+02 3.532404e+02 9.754020e+02
-4.608284e-05 8.811013e+02 3.532404e+02 9.754020e+02
-4.758775e-05 8.811013e+02 3.532404e+02 9.754020e+02
-4.934908e-05 8.811013e+02 3.532404e+02 9.754020e+02
-5.140539e-05 8.811013e+02 3.532404e+02 9.754020e+02
-5.380222e-05 8.811013e+02 3.532404e+02 9.754020e+02
-5.659358e-05 8.811013e+02 3.532404e+02 9.754020e+02
-5.984401e-05 8.811013e+02 3.532404e+02 9.754020e+02
-6.363098e-05 8.811013e+02 3.532404e+02 9.754021e+02
-6.804812e-05 8.811013e+02 3.532404e+02 9.754021e+02
-7.320929e-05 8.811013e+02 3.532404e+02 9.754021e+02
-7.925374e-05 8.811013e+02 3.532404e+02 9.754021e+02
-8.635282e-05 8.811013e+02 3.532404e+02 9.754021e+02
-9.471856e-05 8.811013e+02 3.532404e+02 9.754021e+02
-1.046149e-04 8.811013e+02 3.532404e+02 9.754021e+02
-1.163722e-04 8.811013e+02 3.532404e+02 9.754021e+02
-1.304067e-04 8.811013e+02 3.532404e+02 9.754021e+02
-1.472458e-04 8.811014e+02 3.532404e+02 9.754021e+02
-1.675618e-04 8.811014e+02 3.532405e+02 9.754022e+02
-1.922176e-04 8.811014e+02 3.532405e+02 9.754022e+02
-2.223279e-04 8.811014e+02 3.532405e+02 9.754022e+02
-2.593421e-04 8.811015e+02 3.532405e+02 9.754023e+02
-3.051580e-04 8.811015e+02 3.532405e+02 9.754023e+02
-3.622768e-04 8.811016e+02 3.532405e+02 9.754024e+02
-4.340171e-04 8.811016e+02 3.532406e+02 9.754025e+02
-5.248089e-04 8.811017e+02 3.532406e+02 9.754026e+02
-6.405981e-04 8.811018e+02 3.532406e+02 9.754027e+02
-7.894030e-04 8.811020e+02 3.532407e+02 9.754029e+02
-9.820699e-04 8.811022e+02 3.532408e+02 9.754031e+02
-1.233290e-03 8.811024e+02 3.532409e+02 9.754034e+02
-1.562937e-03 8.811028e+02 3.532410e+02 9.754037e+02
-1.997759e-03 8.811032e+02 3.532412e+02 9.754042e+02
-2.573403e-03 8.811038e+02 3.532414e+02 9.754048e+02
-3.336576e-03 8.811046e+02 3.532417e+02 9.754057e+02
-4.346820e-03 8.811056e+02 3.532421e+02 9.754068e+02
-5.676820e-03 8.811069e+02 3.532427e+02 9.754083e+02
-7.409257e-03 8.811087e+02 3.532434e+02 9.754102e+02
-9.627130e-03 8.811109e+02 3.532443e+02 9.754127e+02
-1.239371e-02 8.811136e+02 3.532454e+02 9.754158e+02
-1.571916e-02 8.811170e+02 3.532467e+02 9.754194e+02
-1.951562e-02 8.811207e+02 3.532482e+02 9.754236e+02
-2.355251e-02 8.811247e+02 3.532498e+02 9.754280e+02
-2.743771e-02 8.811286e+02 3.532514e+02 9.754323e+02
-3.065614e-02 8.811318e+02 3.532526e+02 9.754358e+02
-3.268241e-02 8.811338e+02 3.532534e+02 9.754380e+02
-3.314060e-02 8.811342e+02 3.532536e+02 9.754385e+02
-3.193959e-02 8.811330e+02 3.532531e+02 9.754372e+02
-2.930820e-02 8.811304e+02 3.532521e+02 9.754343e+02
-2.570897e-02 8.811269e+02 3.532507e+02 9.754304e+02
-2.168152e-02 8.811229e+02 3.532491e+02 9.754260e+02
-1.769682e-02 8.811189e+02 3.532475e+02 9.754216e+02
-1.407690e-02 8.811153e+02 3.532461e+02 9.754176e+02
-1.098507e-02 8.811122e+02 3.532448e+02 9.754142e+02
-8.460084e-03 8.811097e+02 3.532438e+02 9.754114e+02
-6.463210e-03 8.811077e+02 3.532430e+02 9.754092e+02
-4.918888e-03 8.811062e+02 3.532424e+02 9.754075e+02
-3.742089e-03 8.811050e+02 3.532419e+02 9.754062e+02
-2.853362e-03 8.811041e+02 3.532415e+02 9.754052e+02
-2.185225e-03 8.811034e+02 3.532413e+02 9.754044e+02
-1.683514e-03 8.811029e+02 3.532411e+02 9.754039e+02
-1.306262e-03 8.811025e+02 3.532409e+02 9.754034e+02
-1.021674e-03 8.811022e+02 3.532408e+02 9.754031e+02
-8.059933e-04 8.811020e+02 3.532407e+02 9.754029e+02
-6.416111e-04 8.811019e+02 3.532406e+02 9.754027e+02
-5.155255e-04 8.811017e+02 3.532406e+02 9.754026e+02
-4.181464e-04 8.811016e+02 3.532406e+02 9.754024e+02
-3.423919e-04 8.811015e+02 3.532405e+02 9.754024e+02
-2.830181e-04 8.811015e+02 3.532405e+02 9.754023e+02
-2.361275e-04 8.811014e+02 3.532405e+02 9.754022e+02
-1.988106e-04 8.811014e+02 3.532405e+02 9.754022e+02
-1.688838e-04 8.811014e+02 3.532405e+02 9.754022e+02
-1.446997e-04 8.811014e+02 3.532404e+02 9.754021e+02
-1.250085e-04 8.811013e+02 3.532404e+02 9.754021e+02
-1.088563e-04 8.811013e+02 3.532404e+02 9.754021e+02
-9.551076e-05 8.811013e+02 3.532404e+02 9.754021e+02
-8.440668e-05 8.811013e+02 3.532404e+02 9.754021e+02
-7.510499e-05 8.811013e+02 3.532404e+02 9.754021e+02
-6.726281e-05 8.811013e+02 3.532404e+02 9.754021e+02
-6.061085e-05 8.811013e+02 3.532404e+02 9.754021e+02
-5.493647e-05 8.811013e+02 3.532404e+02 9.754020e+02
-5.007087e-05 8.811013e+02 3.532404e+02 9.754020e+02
-4.587942e-05 8.811013e+02 3.532404e+02 9.754020e+02
-4.225422e-05 8.811012e+02 3.532404e+02 9.754020e+02
-3.910843e-05 8.811012e+02 3.532404e+02 9.754020e+02
-3.637193e-05 8.811012e+02 3.532404e+02 9.754020e+02
-3.398790e-05 8.811012e+02 3.532404e+02 9.754020e+02
-3.191024e-05 8.811012e+02 3.532404e+02 9.754020e+02
-3.010151e-05 8.811012e+02 3.532404e+02 9.754020e+02
-2.853134e-05 8.811012e+02 3.532404e+02 9.754020e+02
-2.717520e-05 8.811012e+02 3.532404e+02 9.754020e+02
-2.601340e-05 8.811012e+02 3.532404e+02 9.754020e+02
-2.503037e-05 8.811012e+02 3.532404e+02 9.754020e+02
-2.421402e-05 8.811012e+02 3.532404e+02 9.754020e+02
-2.355533e-05 8.811012e+02 3.532404e+02 9.754020e+02
-2.304797e-05 8.811012e+02 3.532404e+02 9.754020e+02
-2.268801e-05 8.811012e+02 3.532404e+02 9.754020e+02
-2.247378e-05 8.811012e+02 3.532404e+02 9.754020e+02
-2.240568e-05 8.811012e+02 3.532404e+02 9.754020e+02
-2.248609e-05 8.811012e+02 3.532404e+02 9.754020e+02
-2.271931e-05 8.811012e+02 3.532404e+02 9.754020e+02
-2.311154e-05 8.811012e+02 3.532404e+02 9.754020e+02
-2.367078e-05 8.811012e+02 3.532404e+02 9.754020e+02
-2.440690e-05 8.811012e+02 3.532404e+02 9.754020e+02
-2.533153e-05 8.811012e+02 3.532404e+02 9.754020e+02
-2.645805e-05 8.811012e+02 3.532404e+02 9.754020e+02
-2.780151e-05 8.811012e+02 3.532404e+02 9.754020e+02
-2.937849e-05 8.811012e+02 3.532404e+02 9.754020e+02
-3.120688e-05 8.811012e+02 3.532404e+02 9.754020e+02
-3.330560e-05 8.811012e+02 3.532404e+02 9.754020e+02
-3.569419e-05 8.811012e+02 3.532404e+02 9.754020e+02
-3.839223e-05 8.811012e+02 3.532404e+02 9.754020e+02
-4.141863e-05 8.811012e+02 3.532404e+02 9.754020e+02
-4.479069e-05 8.811013e+02 3.532404e+02 9.754020e+02
-4.852295e-05 8.811013e+02 3.532404e+02 9.754020e+02
-5.262583e-05 8.811013e+02 3.532404e+02 9.754020e+02
-5.710407e-05 8.811013e+02 3.532404e+02 9.754020e+02
-6.195493e-05 8.811013e+02 3.532404e+02 9.754021e+02
-6.716631e-05 8.811013e+02 3.532404e+02 9.754021e+02
-7.271488e-05 8.811013e+02 3.532404e+02 9.754021e+02
-7.856423e-05 8.811013e+02 3.532404e+02 9.754021e+02
-8.466346e-05 8.811013e+02 3.532404e+02 9.754021e+02
-9.094620e-05 8.811013e+02 3.532404e+02 9.754021e+02
-9.733044e-05 8.811013e+02 3.532404e+02 9.754021e+02
-1.037193e-04 8.811013e+02 3.532404e+02 9.754021e+02
-1.100033e-04 8.811013e+02 3.532404e+02 9.754021e+02
-1.160634e-04 8.811013e+02 3.532404e+02 9.754021e+02
-1.217761e-04 8.811013e+02 3.532404e+02 9.754021e+02
-1.270192e-04 8.811013e+02 3.532404e+02 9.754021e+02
-1.316788e-04 8.811013e+02 3.532404e+02 9.754021e+02
-1.356565e-04 8.811013e+02 3.532404e+02 9.754021e+02
-1.388768e-04 8.811013e+02 3.532404e+02 9.754021e+02
-1.412935e-04 8.811013e+02 3.532404e+02 9.754021e+02
-1.428947e-04 8.811013e+02 3.532404e+02 9.754021e+02
-1.437059e-04 8.811013e+02 3.532404e+02 9.754021e+02
-1.437912e-04 8.811013e+02 3.532404e+02 9.754021e+02
-1.432523e-04 8.811013e+02 3.532404e+02 9.754021e+02
-1.422257e-04 8.811013e+02 3.532404e+02 9.754021e+02
-1.408776e-04 8.811013e+02 3.532404e+02 9.754021e+02
-1.393994e-04 8.811013e+02 3.532404e+02 9.754021e+02
-1.380014e-04 8.811013e+02 3.532404e+02 9.754021e+02
-1.369084e-04 8.811013e+02 3.532404e+02 9.754021e+02
-1.363547e-04 8.811013e+02 3.532404e+02 9.754021e+02
-1.365812e-04 8.811013e+02 3.532404e+02 9.754021e+02
-1.378334e-04 8.811013e+02 3.532404e+02 9.754021e+02
-1.403603e-04 8.811013e+02 3.532404e+02 9.754021e+02
-1.444145e-04 8.811014e+02 3.532404e+02 9.754021e+02
-1.502518e-04 8.811014e+02 3.532405e+02 9.754021e+02
-1.581307e-04 8.811014e+02 3.532405e+02 9.754022e+02
-1.683109e-04 8.811014e+02 3.532405e+02 9.754022e+02
-1.810490e-04 8.811014e+02 3.532405e+02 9.754022e+02
-1.965910e-04 8.811014e+02 3.532405e+02 9.754022e+02
-2.151609e-04 8.811014e+02 3.532405e+02 9.754022e+02
-2.369436e-04 8.811014e+02 3.532405e+02 9.754022e+02
-2.620627e-04 8.811015e+02 3.532405e+02 9.754023e+02
-2.905518e-04 8.811015e+02 3.532405e+02 9.754023e+02
-3.223222e-04 8.811015e+02 3.532405e+02 9.754023e+02
-3.571271e-04 8.811016e+02 3.532405e+02 9.754024e+02
-3.945287e-04 8.811016e+02 3.532405e+02 9.754024e+02
-4.338722e-04 8.811016e+02 3.532406e+02 9.754025e+02
-4.742751e-04 8.811017e+02 3.532406e+02 9.754025e+02
-5.146391e-04 8.811017e+02 3.532406e+02 9.754026e+02
-5.536921e-04 8.811018e+02 3.532406e+02 9.754026e+02
-5.900628e-04 8.811018e+02 3.532406e+02 9.754026e+02
-6.223870e-04 8.811018e+02 3.532406e+02 9.754027e+02
-6.494378e-04 8.811019e+02 3.532407e+02 9.754027e+02
-6.702631e-04 8.811019e+02 3.532407e+02 9.754027e+02
-6.843126e-04 8.811019e+02 3.532407e+02 9.754027e+02
-6.915340e-04 8.811019e+02 3.532407e+02 9.754027e+02
-6.924245e-04 8.811019e+02 3.532407e+02 9.754027e+02
-6.880301e-04 8.811019e+02 3.532407e+02 9.754027e+02
-6.799005e-04 8.811019e+02 3.532407e+02 9.754027e+02
-6.700116e-04 8.811019e+02 3.532407e+02 9.754027e+02
-6.606812e-04 8.811019e+02 3.532407e+02 9.754027e+02
-6.545000e-04 8.811019e+02 3.532407e+02 9.754027e+02
-6.543007e-04 8.811019e+02 3.532407e+02 9.754027e+02
-6.631855e-04 8.811019e+02 3.532407e+02 9.754027e+02
-6.846243e-04 8.811019e+02 3.532407e+02 9.754027e+02
-7.226396e-04 8.811019e+02 3.532407e+02 9.754028e+02
-7.820909e-04 8.811020e+02 3.532407e+02 9.754029e+02
-8.690840e-04 8.811021e+02 3.532407e+02 9.754029e+02
-9.915384e-04 8.811022e+02 3.532408e+02 9.754031e+02
-1.159967e-03 8.811024e+02 3.532409e+02 9.754033e+02
-1.388548e-03 8.811026e+02 3.532409e+02 9.754035e+02
-1.696600e-03 8.811029e+02 3.532411e+02 9.754039e+02
-2.110618e-03 8.811033e+02 3.532412e+02 9.754043e+02
-2.667074e-03 8.811039e+02 3.532415e+02 9.754050e+02
-3.416232e-03 8.811046e+02 3.532418e+02 9.754058e+02
-4.427272e-03 8.811057e+02 3.532422e+02 9.754069e+02
-5.794948e-03 8.811070e+02 3.532427e+02 9.754084e+02
-7.647832e-03 8.811089e+02 3.532435e+02 9.754105e+02
-1.015759e-02 8.811114e+02 3.532445e+02 9.754133e+02
-1.354758e-02 8.811148e+02 3.532459e+02 9.754171e+02
-1.809662e-02 8.811194e+02 3.532477e+02 9.754222e+02
-2.413031e-02 8.811255e+02 3.532501e+02 9.754289e+02
-3.198709e-02 8.811334e+02 3.532533e+02 9.754376e+02
-4.194263e-02 8.811433e+02 3.532573e+02 9.754486e+02
-5.407898e-02 8.811554e+02 3.532621e+02 9.754620e+02
-6.810412e-02 8.811694e+02 3.532677e+02 9.754775e+02
-8.317002e-02 8.811843e+02 3.532737e+02 9.754940e+02
-9.779283e-02 8.811988e+02 3.532795e+02 9.755100e+02
-1.100021e-01 8.812108e+02 3.532843e+02 9.755233e+02
-1.177776e-01 8.812185e+02 3.532874e+02 9.755318e+02
-1.196646e-01 8.812203e+02 3.532881e+02 9.755338e+02
-1.152910e-01 8.812160e+02 3.532864e+02 9.755291e+02
-1.055085e-01 8.812064e+02 3.532826e+02 9.755184e+02
-9.207549e-02 8.811931e+02 3.532772e+02 9.755038e+02
-7.706132e-02 8.811783e+02 3.532713e+02 9.754873e+02
-6.227791e-02 8.811636e+02 3.532654e+02 9.754711e+02
-4.895651e-02 8.811503e+02 3.532601e+02 9.754564e+02
-3.770442e-02 8.811391e+02 3.532556e+02 9.754439e+02
-2.864174e-02 8.811300e+02 3.532519e+02 9.754339e+02
-2.159249e-02 8.811229e+02 3.532491e+02 9.754260e+02
-1.624862e-02 8.811176e+02 3.532470e+02 9.754201e+02
-1.227885e-02 8.811136e+02 3.532453e+02 9.754157e+02
-9.387252e-03 8.811107e+02 3.532442e+02 9.754125e+02
-7.338304e-03 8.811086e+02 3.532434e+02 9.754102e+02
-5.964563e-03 8.811072e+02 3.532428e+02 9.754086e+02
-5.169164e-03 8.811064e+02 3.532425e+02 9.754078e+02
-4.931687e-03 8.811062e+02 3.532424e+02 9.754075e+02
-5.324078e-03 8.811066e+02 3.532426e+02 9.754080e+02
-6.542109e-03 8.811078e+02 3.532431e+02 9.754093e+02
-8.953772e-03 8.811103e+02 3.532440e+02 9.754121e+02
-1.314927e-02 8.811146e+02 3.532457e+02 9.754168e+02
-1.992816e-02 8.811214e+02 3.532485e+02 9.754244e+02
-3.006011e-02 8.811316e+02 3.532526e+02 9.754356e+02
-4.357457e-02 8.811449e+02 3.532579e+02 9.754504e+02
-5.859492e-02 8.811596e+02 3.532638e+02 9.754666e+02
-7.073318e-02 8.811712e+02 3.532685e+02 9.754795e+02
-7.485290e-02 8.811752e+02 3.532700e+02 9.754839e+02
-6.889148e-02 8.811695e+02 3.532678e+02 9.754775e+02
-5.570871e-02 8.811568e+02 3.532627e+02 9.754635e+02
-4.055814e-02 8.811420e+02 3.532567e+02 9.754471e+02
-2.741226e-02 8.811289e+02 3.532515e+02 9.754327e+02
-1.771214e-02 8.811192e+02 3.532476e+02 9.754219e+02
-1.120392e-02 8.811126e+02 3.532450e+02 9.754146e+02
-7.058049e-03 8.811084e+02 3.532433e+02 9.754099e+02
-4.478891e-03 8.811058e+02 3.532422e+02 9.754070e+02
-2.883538e-03 8.811041e+02 3.532416e+02 9.754052e+02
-1.891378e-03 8.811031e+02 3.532412e+02 9.754041e+02
-1.266877e-03 8.811025e+02 3.532409e+02 9.754034e+02
-8.675332e-04 8.811021e+02 3.532407e+02 9.754030e+02
-6.075925e-04 8.811018e+02 3.532406e+02 9.754027e+02
-4.352121e-04 8.811016e+02 3.532406e+02 9.754025e+02
-3.187277e-04 8.811015e+02 3.532405e+02 9.754023e+02
-2.385374e-04 8.811014e+02 3.532405e+02 9.754022e+02
-1.823205e-04 8.811014e+02 3.532405e+02 9.754022e+02
-1.422095e-04 8.811013e+02 3.532404e+02 9.754021e+02
-1.130989e-04 8.811013e+02 3.532404e+02 9.754021e+02
-9.162244e-05 8.811013e+02 3.532404e+02 9.754021e+02
-7.552625e-05 8.811013e+02 3.532404e+02 9.754021e+02
-6.327839e-05 8.811013e+02 3.532404e+02 9.754021e+02
-5.382260e-05 8.811013e+02 3.532404e+02 9.754020e+02
-4.642050e-05 8.811013e+02 3.532404e+02 9.754020e+02
-4.054908e-05 8.811012e+02 3.532404e+02 9.754020e+02
-3.583321e-05 8.811012e+02 3.532404e+02 9.754020e+02
-3.200062e-05 8.811012e+02 3.532404e+02 9.754020e+02
-2.885141e-05 8.811012e+02 3.532404e+02 9.754020e+02
-2.623724e-05 8.811012e+02 3.532404e+02 9.754020e+02
-2.404693e-05 8.811012e+02 3.532404e+02 9.754020e+02
-2.219634e-05 8.811012e+02 3.532404e+02 9.754020e+02
-2.062125e-05 8.811012e+02 3.532404e+02 9.754020e+02
-1.927229e-05 8.811012e+02 3.532404e+02 9.754020e+02
-1.811125e-05 8.811012e+02 3.532404e+02 9.754020e+02
-1.710846e-05 8.811012e+02 3.532404e+02 9.754020e+02
-1.624082e-05 8.811012e+02 3.532404e+02 9.754020e+02
-1.549043e-05 8.811012e+02 3.532404e+02 9.754020e+02
-1.484354e-05 8.811012e+02 3.532404e+02 9.754020e+02
-1.428987e-05 8.811012e+02 3.532404e+02 9.754020e+02
-1.382207e-05 8.811012e+02 3.532404e+02 9.754020e+02
-1.343545e-05 8.811012e+02 3.532404e+02 9.754020e+02
-1.312782e-05 8.811012e+02 3.532404e+02 9.754020e+02
-1.289956e-05 8.811012e+02 3.532404e+02 9.754020e+02
-1.275379e-05 8.811012e+02 3.532404e+02 9.754020e+02
-1.269683e-05 8.811012e+02 3.532404e+02 9.754020e+02
-1.273881e-05 8.811012e+02 3.532404e+02 9.754020e+02
-1.289472e-05 8.811012e+02 3.532404e+02 9.754020e+02
-1.318590e-05 8.811012e+02 3.532404e+02 9.754020e+02
-1.364220e-05 8.811012e+02 3.532404e+02 9.754020e+02
-1.430509e-05 8.811012e+02 3.532404e+02 9.754020e+02
-1.523228e-05 8.811012e+02 3.532404e+02 9.754020e+02
-1.650446e-05 8.811012e+02 3.532404e+02 9.754020e+02
-1.823534e-05 8.811012e+02 3.532404e+02 9.754020e+02
-2.058688e-05 8.811012e+02 3.532404e+02 9.754020e+02
-2.379257e-05 8.811012e+02 3.532404e+02 9.754020e+02
-2.819364e-05 8.811012e+02 3.532404e+02 9.754020e+02
-3.429658e-05 8.811012e+02 3.532404e+02 9.754020e+02
-4.286588e-05 8.811012e+02 3.532404e+02 9.754020e+02
-5.507703e-05 8.811013e+02 3.532404e+02 9.754020e+02
-7.277455e-05 8.811013e+02 3.532404e+02 9.754021e+02
-9.891769e-05 8.811013e+02 3.532404e+02 9.754021e+02
-1.383712e-04 8.811013e+02 3.532404e+02 9.754021e+02
-1.993494e-04 8.811014e+02 3.532405e+02 9.754022e+02
-2.961365e-04 8.811015e+02 3.532405e+02 9.754023e+02
-4.543907e-04 8.811017e+02 3.532406e+02 9.754025e+02
-7.218730e-04 8.811019e+02 3.532407e+02 9.754028e+02
-1.191025e-03 8.811024e+02 3.532409e+02 9.754033e+02
-2.048506e-03 8.811033e+02 3.532412e+02 9.754043e+02
-3.688573e-03 8.811050e+02 3.532419e+02 9.754062e+02
-6.982928e-03 8.811085e+02 3.532433e+02 9.754100e+02
-1.394109e-02 8.811158e+02 3.532462e+02 9.754181e+02
-2.932070e-02 8.811321e+02 3.532528e+02 9.754361e+02
-6.421962e-02 8.811688e+02 3.532675e+02 9.754769e+02
-1.415025e-01 8.812490e+02 3.532996e+02 9.755656e+02
-2.906881e-01 8.813975e+02 3.533592e+02 9.757300e+02
-4.933362e-01 8.815876e+02 3.534354e+02 9.759405e+02
-6.218202e-01 8.817052e+02 3.534826e+02 9.760707e+02
-5.656828e-01 8.816537e+02 3.534619e+02 9.760136e+02
-3.745013e-01 8.814775e+02 3.533912e+02 9.758185e+02
-1.943867e-01 8.813026e+02 3.533211e+02 9.756249e+02
-8.975578e-02 8.811955e+02 3.532782e+02 9.755064e+02
-4.062748e-02 8.811440e+02 3.532575e+02 9.754493e+02
-1.894830e-02 8.811211e+02 3.532484e+02 9.754240e+02
-9.283478e-03 8.811109e+02 3.532443e+02 9.754127e+02
-4.799927e-03 8.811062e+02 3.532424e+02 9.754075e+02
-2.615209e-03 8.811039e+02 3.532415e+02 9.754050e+02
-1.496434e-03 8.811027e+02 3.532410e+02 9.754037e+02
-8.962055e-04 8.811021e+02 3.532408e+02 9.754030e+02
-5.603274e-04 8.811018e+02 3.532406e+02 9.754026e+02
-3.652498e-04 8.811016e+02 3.532405e+02 9.754024e+02
-2.482514e-04 8.811015e+02 3.532405e+02 9.754023e+02
-1.761823e-04 8.811014e+02 3.532405e+02 9.754022e+02
-1.308660e-04 8.811013e+02 3.532404e+02 9.754021e+02
-1.020011e-04 8.811013e+02 3.532404e+02 9.754021e+02
-8.357451e-05 8.811013e+02 3.532404e+02 9.754021e+02
-7.198503e-05 8.811013e+02 3.532404e+02 9.754021e+02
-6.502959e-05 8.811013e+02 3.532404e+02 9.754021e+02
-6.133893e-05 8.811013e+02 3.532404e+02 9.754020e+02
-6.005541e-05 8.811013e+02 3.532404e+02 9.754020e+02
-6.064472e-05 8.811013e+02 3.532404e+02 9.754020e+02
-6.278381e-05 8.811013e+02 3.532404e+02 9.754020e+02
-6.629346e-05 8.811013e+02 3.532404e+02 9.754021e+02
-7.109761e-05 8.811013e+02 3.532404e+02 9.754021e+02
-7.719937e-05 8.811013e+02 3.532404e+02 9.754021e+02
-8.466773e-05 8.811013e+02 3.532404e+02 9.754021e+02
-9.363158e-05 8.811013e+02 3.532404e+02 9.754021e+02
-1.042790e-04 8.811013e+02 3.532404e+02 9.754021e+02
-1.168608e-04 8.811013e+02 3.532404e+02 9.754021e+02
-1.316973e-04 8.811013e+02 3.532404e+02 9.754021e+02
-1.491889e-04 8.811014e+02 3.532404e+02 9.754021e+02
-1.698291e-04 8.811014e+02 3.532405e+02 9.754022e+02
-1.942217e-04 8.811014e+02 3.532405e+02 9.754022e+02
-2.231001e-04 8.811014e+02 3.532405e+02 9.754022e+02
-2.573498e-04 8.811015e+02 3.532405e+02 9.754023e+02
-2.980337e-04 8.811015e+02 3.532405e+02 9.754023e+02
-3.464171e-04 8.811015e+02 3.532405e+02 9.754024e+02
-4.039923e-04 8.811016e+02 3.532406e+02 9.754024e+02
-4.724976e-04 8.811017e+02 3.532406e+02 9.754025e+02
-5.539249e-04 8.811018e+02 3.532406e+02 9.754026e+02
-6.505081e-04 8.811019e+02 3.532406e+02 9.754027e+02
-7.646793e-04 8.811020e+02 3.532407e+02 9.754028e+02
-8.989782e-04 8.811021e+02 3.532407e+02 9.754030e+02
-1.055895e-03 8.811023e+02 3.532408e+02 9.754031e+02
-1.237630e-03 8.811024e+02 3.532409e+02 9.754034e+02
-1.445748e-03 8.811026e+02 3.532410e+02 9.754036e+02
-1.680725e-03 8.811029e+02 3.532411e+02 9.754038e+02
-1.941407e-03 8.811031e+02 3.532412e+02 9.754041e+02
-2.224416e-03 8.811034e+02 3.532413e+02 9.754044e+02
-2.523610e-03 8.811037e+02 3.532414e+02 9.754048e+02
-2.829726e-03 8.811040e+02 3.532415e+02 9.754051e+02
-3.130387e-03 8.811043e+02 3.532416e+02 9.754054e+02
-3.410625e-03 8.811046e+02 3.532418e+02 9.754058e+02
-3.654017e-03 8.811049e+02 3.532419e+02 9.754060e+02
-3.844394e-03 8.811050e+02 3.532419e+02 9.754062e+02
-3.967890e-03 8.811052e+02 3.532420e+02 9.754064e+02
-4.014940e-03 8.811052e+02 3.532420e+02 9.754064e+02
-3.981780e-03 8.811052e+02 3.532420e+02 9.754064e+02
-3.871057e-03 8.811051e+02 3.532419e+02 9.754063e+02
-3.691396e-03 8.811049e+02 3.532419e+02 9.754061e+02
-3.456033e-03 8.811047e+02 3.532418e+02 9.754058e+02
-3.180874e-03 8.811044e+02 3.532417e+02 9.754055e+02
-2.882417e-03 8.811041e+02 3.532415e+02 9.754052e+02
-2.575974e-03 8.811038e+02 3.532414e+02 9.754048e+02
-2.274423e-03 8.811035e+02 3.532413e+02 9.754045e+02
-1.987579e-03 8.811032e+02 3.532412e+02 9.754042e+02
