#E_pot  E_kin  T  P
-5.779358e-05 7.320488e+02 2.934841e+02 8.103970e+02
-6.126940e-05 7.320488e+02 2.934841e+02 8.103971e+02
-6.486250e-05 7.320488e+02 2.934841e+02 8.103971e+02
-6.854924e-05 7.320488e+02 2.934841e+02 8.103971e+02
-7.230117e-05 7.320488e+02 2.934841e+02 8.103971e+02
-7.608527e-05 7.320488e+02 2.934841e+02 8.103971e+02
-7.986427e-05 7.320488e+02 2.934841e+02 8.103971e+02
-8.359732e-05 7.320488e+02 2.934841e+02 8.103971e+02
-8.724101e-05 7.320488e+02 2.934841e+02 8.103971e+02
-9.075056e-05 7.320488e+02 2.934841e+02 8.103971e+02
-9.408141e-05 7.320488e+02 2.934841e+02 8.103971e+02
-9.719099e-05 7.320488e+02 2.934841e+02 8.103971e+02
-1.000407e-04 7.320488e+02 2.934841e+02 8.103971e+02
-1.025981e-04 7.320488e+02 2.934841e+02 8.103971e+02
-1.048389e-04 7.320488e+02 2.934841e+02 8.103971e+02
-1.067491e-04 7.320488e+02 2.934841e+02 8.103971e+02
-1.083269e-04 7.320488e+02 2.934841e+02 8.103971e+02
-1.095843e-04 7.320488e+02 2.934841e+02 8.103971e+02
-1.105489e-04 7.320488e+02 2.934841e+02 8.103971e+02
-1.112643e-04 7.320488e+02 2.934841e+02 8.103971e+02
-1.117920e-04 7.320488e+02 2.934841e+02 8.103971e+02
-1.122115e-04 7.320488e+02 2.934841e+02 8.103971e+02
-1.126216e-04 7.320488e+02 2.934841e+02 8.103971e+02
-1.131410e-04 7.320488e+02 2.934841e+02 8.103971e+02
-1.139104e-04 7.320488e+02 2.934841e+02 8.103971e+02
-1.150941e-04 7.320488e+02 2.934841e+02 8.103971e+02
-1.168836e-04 7.320488e+02 2.934841e+02 8.103971e+02
-1.195019e-04 7.320488e+02 2.934841e+02 8.103971e+02
-1.232101e-04 7.320488e+02 2.934841e+02 8.103971e+02
-1.283152e-04 7.320488e+02 2.934841e+02 8.103971e+02
-1.351816e-04 7.320488e+02 2.934841e+02 8.103971e+02
-1.442446e-04 7.320488e+02 2.934841e+02 8.103971e+02
-1.560285e-04 7.320489e+02 2.934841e+02 8.103972e+02
-1.711677e-04 7.320489e+02 2.934841e+02 8.103972e+02
-1.904335e-04 7.320489e+02 2.934841e+02 8.103972e+02
-2.147648e-04 7.320489e+02 2.934842e+02 8.103972e+02
-2.453038e-04 7.320489e+02 2.934842e+02 8.103972e+02
-2.834357e-04 7.320490e+02 2.934842e+02 8.103973e+02
-3.308296e-04 7.320490e+02 2.934842e+02 8.103973e+02
-3.894765e-04 7.320491e+02 2.934842e+02 8.103974e+02
-4.617173e-04 7.320491e+02 2.934842e+02 8.103975e+02
-5.502475e-04 7.320492e+02 2.934843e+02 8.103975e+02
-6.580816e-04 7.320493e+02 2.934843e+02 8.103977e+02
-7.884512e-04 7.320494e+02 2.934844e+02 8.103978e+02
-9.446030e-04 7.320496e+02 2.934844e+02 8.103979e+02
-1.129462e-03 7.320497e+02 2.934845e+02 8.103981e+02
-1.345121e-03 7.320499e+02 2.934846e+02 8.103984e+02
-1.592151e-03 7.320502e+02 2.934847e+02 8.103986e+02
-1.868739e-03 7.320504e+02 2.934848e+02 8.103989e+02
-2.169776e-03 7.320507e+02 2.934849e+02 8.103992e+02
-2.486054e-03 7.320510e+02 2.934850e+02 8.103996e+02
-2.803889e-03 7.320514e+02 2.934851e+02 8.103999e+02
-3.105462e-03 7.320517e+02 2.934853e+02 8.104003e+02
-3.370173e-03 7.320520e+02 2.934854e+02 8.104006e+02
-3.577027e-03 7.320522e+02 2.934855e+02 8.104008e+02
-3.707741e-03 7.320524e+02 2.934855e+02 8.104010e+02
-3.749912e-03 7.320525e+02 2.934856e+02 8.104011e+02
-3.699366e-03 7.320525e+02 2.934856e+02 8.104011e+02
-3.560991e-03 7.320524e+02 2.934855e+02 8.104010e+02
-3.347760e-03 7.320522e+02 2.934855e+02 8.104008e+02
-3.078288e-03 7.320519e+02 2.934854e+02 8.104006e+02
-2.773639e-03 7.320516e+02 2.934852e+02 8.104002e+02
-2.454250e-03 7.320513e+02 2.934851e+02 8.103999e+02
-2.137629e-03 7.320510e+02 2.934850e+02 8.103995e+02
-1.837088e-03 7.320507e+02 2.934849e+02 8.103992e+02
-1.561467e-03 7.320504e+02 2.934848e+02 8.103989e+02
-1.315564e-03 7.320501e+02 2.934846e+02 8.103986e+02
-1.100953e-03 7.320499e+02 2.934846e+02 8.103983e+02
-9.168997e-04 7.320497e+02 2.934845e+02 8.103981e+02
-7.612106e-04 7.320495e+02 2.934844e+02 8.103979e+02
-6.309097e-04 7.320494e+02 2.934844e+02 8.103978e+02
-5.227337e-04 7.320493e+02 2.934843e+02 8.103976e+02
-4.334570e-04 7.320492e+02 2.934843e+02 8.103975e+02
-3.600841e-04 7.320491e+02 2.934842e+02 8.103974e+02
-2.999459e-04 7.320490e+02 2.934842e+02 8.103974e+02
-2.507313e-04 7.320490e+02 2.934842e+02 8.103973e+02
-2.104806e-04 7.320489e+02 2.934842e+02 8.103972e+02
-1.775565e-04 7.320489e+02 2.934842e+02 8.103972e+02
-1.506065e-04 7.320489e+02 2.934841e+02 8.103972e+02
-1.285219e-04 7.320488e+02 2.934841e+02 8.103971e+02
-1.103994e-04 7.320488e+02 2.934841e+02 8.103971e+02
-9.550552e-05 7.320488e+02 2.934841e+02 8.103971e+02
-8.324645e-05 7.320488e+02 2.934841e+02 8.103971e+02
-7.314208e-05 7.320488e+02 2.934841e+02 8.103971e+02
-6.480446e-05 7.320488e+02 2.934841e+02 8.103971e+02
-5.792008e-05 7.320488e+02 2.934841e+02 8.103971e+02
-5.223545e-05 7.320488e+02 2.934841e+02 8.103970e+02
-4.754541e-05 7.320488e+02 2.934841e+02 8.103970e+02
-4.368367e-05 7.320488e+02 2.934841e+02 8.103970e+02
-4.051529e-05 7.320488e+02 2.934841e+02 8.103970e+02
-3.793055e-05 7.320487e+02 2.934841e+02 8.103970e+02
-3.584009e-05 7.320487e+02 2.934841e+02 8.103970e+02
-3.417102e-05 7.320487e+02 2.934841e+02 8.103970e+02
-3.286374e-05 7.320487e+02 2.934841e+02 8.103970e+02
-3.186947e-05 7.320487e+02 2.934841e+02 8.103970e+02
-3.114819e-05 7.320487e+02 2.934841e+02 8.103970e+02
-3.066702e-05 7.320487e+02 2.934841e+02 8.103970e+02
-3.039891e-05 7.320487e+02 2.934841e+02 8.103970e+02
-3.032154e-05 7.320487e+02 2.934841e+02 8.103970e+02
-3.041651e-05 7.320487e+02 2.934841e+02 8.103970e+02
-3.066855e-05 7.320487e+02 2.934841e+02 8.103970e+02
-3.106503e-05 7.320487e+02 2.934841e+02 8.103970e+02
-3.159540e-05 7.320487e+02 2.934841e+02 8.103970e+02
-3.225087e-05 7.320487e+02 2.934841e+02 8.103970e+02
-3.302403e-05 7.320487e+02 2.934841e+02 8.103970e+02
-3.390861e-05 7.320487e+02 2.934841e+02 8.103970e+02
-3.489924e-05 7.320487e+02 2.934841e+02 8.103970e+02
-3.599129e-05 7.320487e+02 2.934841e+02 8.103970e+02
-3.718067e-05 7.320487e+02 2.934841e+02 8.103970e+02
-3.846376e-05 7.320487e+02 2.934841e+02 8.103970e+02
-3.983726e-05 7.320487e+02 2.934841e+02 8.103970e+02
-4.129815e-05 7.320488e+02 2.934841e+02 8.103970e+02
-4.284360e-05 7.320488e+02 2.934841e+02 8.103970e+02
-4.447095e-05 7.320488e+02 2.934841e+02 8.103970e+02
-4.617768e-05 7.320488e+02 2.934841e+02 8.103970e+02
-4.796141e-05 7.320488e+02 2.934841e+02 8.103970e+02
-4.981990e-05 7.320488e+02 2.934841e+02 8.103970e+02
-5.175106e-05 7.320488e+02 2.934841e+02 8.103970e+02
-5.375302e-05 7.320488e+02 2.934841e+02 8.103970e+02
-5.582412e-05 7.320488e+02 2.934841e+02 8.103970e+02
-5.796300e-05 7.320488e+02 2.934841e+02 8.103971e+02
-6.016860e-05 7.320488e+02 2.934841e+02 8.103971e+02
-6.244024e-05 7.320488e+02 2.934841e+02 8.103971e+02
-6.477760e-05 7.320488e+02 2.934841e+02 8.103971e+02
-6.718080e-05 7.320488e+02 2.934841e+02 8.103971e+02
-6.965035e-05 7.320488e+02 2.934841e+02 8.103971e+02
-7.218713e-05 7.320488e+02 2.934841e+02 8.103971e+02
-7.479236e-05 7.320488e+02 2.934841e+02 8.103971e+02
-7.746750e-05 7.320488e+02 2.934841e+02 8.103971e+02
-8.021413e-05 7.320488e+02 2.934841e+02 8.103971e+02
-8.303382e-05 7.320488e+02 2.934841e+02 8.103971e+02
-8.592793e-05 7.320488e+02 2.934841e+02 8.103971e+02
-8.889739e-05 7.320488e+02 2.934841e+02 8.103971e+02
-9.194250e-05 7.320488e+02 2.934841e+02 8.103971e+02
-9.506260e-05 7.320488e+02 2.934841e+02 8.103971e+02
-9.825588e-05 7.320488e+02 2.934841e+02 8.103971e+02
-1.015190e-04 7.320488e+02 2.934841e+02 8.103971e+02
-1.048470e-04 7.320488e+02 2.934841e+02 8.103971e+02
-1.082326e-04 7.320488e+02 2.934841e+02 8.103971e+02
-1.116665e-04 7.320488e+02 2.934841e+02 8.103971e+02
-1.151367e-04 7.320488e+02 2.934841e+02 8.103971e+02
-1.186286e-04 7.320488e+02 2.934841e+02 8.103971e+02
-1.221246e-04 7.320488e+02 2.934841e+02 8.103971e+02
-1.256045e-04 7.320488e+02 2.934841e+02 8.103971e+02
-1.290446e-04 7.320488e+02 2.934841e+02 8.103971e+02
-1.324190e-04 7.320488e+02 2.934841e+02 8.103971e+02
-1.356987e-04 7.320488e+02 2.934841e+02 8.103971e+02
-1.388524e-04 7.320488e+02 2.934841e+02 8.103971e+02
-1.418470e-04 7.320489e+02 2.934841e+02 8.103971e+02
-1.446478e-04 7.320489e+02 2.934841e+02 8.103971e+02
-1.472195e-04 7.320489e+02 2.934841e+02 8.103971e+02
-1.495265e-04 7.320489e+02 2.934841e+02 8.103972e+02
-1.515343e-04 7.320489e+02 2.934841e+02 8.103972e+02
-1.532100e-04 7.320489e+02 2.934841e+02 8.103972e+02
-1.545234e-04 7.320489e+02 2.934841e+02 8.103972e+02
-1.554482e-04 7.320489e+02 2.934841e+02 8.103972e+02
-1.559625e-04 7.320489e+02 2.934841e+02 8.103972e+02
-1.560500e-04 7.320489e+02 2.934841e+02 8.103972e+02
-1.557006e-04 7.320489e+02 2.934841e+02 8.103972e+02
-1.549107e-04 7.320489e+02 2.934841e+02 8.103972e+02
-1.536841e-04 7.320489e+02 2.934841e+02 8.103972e+02
-1.520314e-04 7.320489e+02 2.934841e+02 8.103972e+02
-1.499702e-04 7.320489e+02 2.934841e+02 8.103972e+02
-1.475248e-04 7.320489e+02 2.934841e+02 8.103972e+02
-1.447250e-04 7.320489e+02 2.934841e+02 8.103971e+02
-1.416061e-04 7.320489e+02 2.934841e+02 8.103971e+02
-1.382070e-04 7.320488e+02 2.934841e+02 8.103971e+02
-1.345699e-04 7.320488e+02 2.934841e+02 8.103971e+02
-1.307385e-04 7.320488e+02 2.934841e+02 8.103971e+02
-1.267575e-04 7.320488e+02 2.934841e+02 8.103971e+02
-1.226712e-04 7.320488e+02 2.934841e+02 8.103971e+02
-1.185223e-04 7.320488e+02 2.934841e+02 8.103971e+02
-1.143516e-04 7.320488e+02 2.934841e+02 8.103971e+02
-1.101971e-04 7.320488e+02 2.934841e+02 8.103971e+02
-1.060932e-04 7.320488e+02 2.934841e+02 8.103971e+02
-1.020707e-04 7.320488e+02 2.934841e+02 8.103971e+02
-9.815640e-05 7.320488e+02 2.934841e+02 8.103971e+02
-9.437313e-05 7.320488e+02 2.934841e+02 8.103971e+02
-9.073969e-05 7.320488e+02 2.934841e+02 8.103971e+02
-8.727108e-05 7.320488e+02 2.934841e+02 8.103971e+02
-8.397867e-05 7.320488e+02 2.934841e+02 8.103971e+02
-8.087054e-05 7.320488e+02 2.934841e+02 8.103971e+02
-7.795174e-05 7.320488e+02 2.934841e+02 8.103971e+02
-7.522469e-05 7.320488e+02 2.934841e+02 8.103971e+02
-7.268947e-05 7.320488e+02 2.934841e+02 8.103971e+02
-7.034420e-05 7.320488e+02 2.934841e+02 8.103971e+02
-6.818536e-05 7.320488e+02 2.934841e+02 8.103971e+02
-6.620807e-05 7.320488e+02 2.934841e+02 8.103971e+02
-6.440641e-05 7.320488e+02 2.934841e+02 8.103971e+02
-6.277364e-05 7.320488e+02 2.934841e+02 8.103971e+02
-6.130244e-05 7.320488e+02 2.934841e+02 8.103971e+02
-5.998512e-05 7.320488e+02 2.934841e+02 8.103971e+02
-5.881378e-05 7.320488e+02 2.934841e+02 8.103971e+02
-5.778049e-05 7.320488e+02 2.934841e+02 8.103971e+02
-5.687736e-05 7.320488e+02 2.934841e+02 8.103971e+02
-5.609676e-05 7.320488e+02 2.934841e+02 8.103971e+02
-5.543133e-05 7.320488e+02 2.934841e+02 8.103970e+02
-5.487408e-05 7.320488e+02 2.934841e+02 8.103970e+02
-5.441854e-05 7.320488e+02 2.934841e+02 8.103970e+02
-5.405871e-05 7.320488e+02 2.934841e+02 8.103970e+02
-5.378920e-05 7.320488e+02 2.934841e+02 8.103970e+02
-5.360524e-05 7.320488e+02 2.934841e+02 8.103970e+02
-5.350267e-05 7.320488e+02 2.934841e+02 8.103970e+02
-5.347800e-05 7.320488e+02 2.934841e+02 8.103970e+02
-5.352833e-05 7.320488e+02 2.934841e+02 8.103970e+02
-5.365134e-05 7.320488e+02 2.934841e+02 8.103970e+02
-5.384519e-05 7.320488e+02 2.934841e+02 8.103970e+02
-5.410841e-05 7.320488e+02 2.934841e+02 8.103970e+02
-5.443974e-05 7.320488e+02 2.934841e+02 8.103970e+02
-5.483794e-05 7.320488e+02 2.934841e+02 8.103970e+02
-5.530153e-05 7.320488e+02 2.934841e+02 8.103970e+02
-5.582858e-05 7.320488e+02 2.934841e+02 8.103970e+02
-5.641642e-05 7.320488e+02 2.934841e+02 8.103971e+02
-5.706133e-05 7.320488e+02 2.934841e+02 8.103971e+02
-5.775837e-05 7.320488e+02 2.934841e+02 8.103971e+02
-5.850115e-05 7.320488e+02 2.934841e+02 8.103971e+02
-5.928174e-05 7.320488e+02 2.934841e+02 8.103971e+02
-6.009073e-05 7.320488e+02 2.934841e+02 8.103971e+02
-6.091737e-05 7.320488e+02 2.934841e+02 8.103971e+02
-6.174996e-05 7.320488e+02 2.934841e+02 8.103971e+02
-6.257636e-05 7.320488e+02 2.934841e+02 8.103971e+02
-6.338468e-05 7.320488e+02 2.934841e+02 8.103971e+02
-6.416411e-05 7.320488e+02 2.934841e+02 8.103971e+02
-6.490582e-05 7.320488e+02 2.934841e+02 8.103971e+02
-6.560386e-05 7.320488e+02 2.934841e+02 8.103971e+02
-6.625608e-05 7.320488e+02 2.934841e+02 8.103971e+02
-6.686478e-05 7.320488e+02 2.934841e+02 8.103971e+02
-6.743730e-05 7.320488e+02 2.934841e+02 8.103971e+02
-6.798633e-05 7.320488e+02 2.934841e+02 8.103971e+02
-6.852997e-05 7.320488e+02 2.934841e+02 8.103971e+02
-6.909157e-05 7.320488e+02 2.934841e+02 8.103971e+02
-6.969948e-05 7.320488e+02 2.934841e+02 8.103971e+02
-7.038656e-05 7.320488e+02 2.934841e+02 8.103971e+02
-7.118978e-05 7.320488e+02 2.934841e+02 8.103971e+02
-7.214972e-05 7.320488e+02 2.934841e+02 8.103971e+02
-7.331030e-05 7.320488e+02 2.934841e+02 8.103971e+02
-7.471841e-05 7.320488e+02 2.934841e+02 8.103971e+02
-7.642388e-05 7.320488e+02 2.934841e+02 8.103971e+02
-7.847931e-05 7.320488e+02 2.934841e+02 8.103971e+02
-8.094012e-05 7.320488e+02 2.934841e+02 8.103971e+02
-8.386453e-05 7.320488e+02 2.934841e+02 8.103971e+02
-8.731344e-05 7.320488e+02 2.934841e+02 8.103971e+02
-9.135024e-05 7.320488e+02 2.934841e+02 8.103971e+02
-9.604040e-05 7.320488e+02 2.934841e+02 8.103971e+02
-1.014508e-04 7.320488e+02 2.934841e+02 8.103971e+02
-1.076487e-04 7.320488e+02 2.934841e+02 8.103971e+02
-1.147005e-04 7.320488e+02 2.934841e+02 8.103971e+02
-1.226697e-04 7.320488e+02 2.934841e+02 8.103971e+02
-1.316145e-04 7.320488e+02 2.934841e+02 8.103971e+02
-1.415852e-04 7.320488e+02 2.934841e+02 8.103971e+02
-1.526206e-04 7.320489e+02 2.934841e+02 8.103972e+02
-1.647437e-04 7.320489e+02 2.934841e+02 8.103972e+02
-1.779574e-04 7.320489e+02 2.934841e+02 8.103972e+02
-1.922393e-04 7.320489e+02 2.934841e+02 8.103972e+02
-2.075371e-04 7.320489e+02 2.934842e+02 8.103972e+02
-2.237627e-04 7.320489e+02 2.934842e+02 8.103972e+02
-2.407886e-04 7.320489e+02 2.934842e+02 8.103972e+02
-2.584439e-04 7.320490e+02 2.934842e+02 8.103973e+02
-2.765127e-04 7.320490e+02 2.934842e+02 8.103973e+02
-2.947347e-04 7.320490e+02 2.934842e+02 8.103973e+02
-3.128077e-04 7.320490e+02 2.934842e+02 8.103973e+02
-3.303948e-04 7.320490e+02 2.934842e+02 8.103973e+02
-3.471328e-04 7.320490e+02 2.934842e+02 8.103974e+02
-3.626458e-04 7.320491e+02 2.934842e+02 8.103974e+02
-3.765594e-04 7.320491e+02 2.934842e+02 8.103974e+02
-3.885183e-04 7.320491e+02 2.934842e+02 8.103974e+02
-3.982028e-04 7.320491e+02 2.934842e+02 8.103974e+02
-4.053453e-04 7.320491e+02 2.934842e+02 8.103974e+02
-4.097445e-04 7.320491e+02 2.934842e+02 8.103974e+02
-4.112753e-04 7.320491e+02 2.934842e+02 8.103974e+02
-4.098953e-04 7.320491e+02 2.934842e+02 8.103974e+02
-4.056455e-04 7.320491e+02 2.934842e+02 8.103974e+02
-3.986476e-04 7.320491e+02 2.934842e+02 8.103974e+02
-3.890956e-04 7.320491e+02 2.934842e+02 8.103974e+02
-3.772446e-04 7.320491e+02 2.934842e+02 8.103974e+02
-3.633977e-04 7.320491e+02 2.934842e+02 8.103974e+02
-3.478904e-04 7.320491e+02 2.934842e+02 8.103974e+02
-3.310758e-04 7.320490e+02 2.934842e+02 8.103974e+02
-3.133098e-04 7.320490e+02 2.934842e+02 8.103973e+02
-2.949384e-04 7.320490e+02 2.934842e+02 8.103973e+02
-2.762865e-04 7.320490e+02 2.934842e+02 8.103973e+02
-2.576492e-04 7.320490e+02 2.934842e+02 8.103973e+02
-2.392863e-04 7.320490e+02 2.934842e+02 8.103973e+02
-2.214182e-04 7.320489e+02 2.934842e+02 8.103972e+02
-2.042248e-04 7.320489e+02 2.934842e+02 8.103972e+02
-1.878464e-04 7.320489e+02 2.934842e+02 8.103972e+02
-1.723858e-04 7.320489e+02 2.934841e+02 8.103972e+02
-1.579114e-04 7.320489e+02 2.934841e+02 8.103972e+02
-1.444618e-04 7.320489e+02 2.934841e+02 8.103972e+02
-1.320503e-04 7.320488e+02 2.934841e+02 8.103971e+02
-1.206689e-04 7.320488e+02 2.934841e+02 8.103971e+02
-1.102935e-04 7.320488e+02 2.934841e+02 8.103971e+02
-1.008874e-04 7.320488e+02 2.934841e+02 8.103971e+02
-9.240526e-05 7.320488e+02 2.934841e+02 8.103971e+02
-8.479612e-05 7.320488e+02 2.934841e+02 8.103971e+02
-7.800613e-05 7.320488e+02 2.934841e+02 8.103971e+02
-7.198066e-05 7.320488e+02 2.934841e+02 8.103971e+02
-6.666608e-05 7.320488e+02 2.934841e+02 8.103971e+02
-6.201110e-05 7.320488e+02 2.934841e+02 8.103971e+02
-5.796782e-05 7.320488e+02 2.934841e+02 8.103971e+02
-5.449252e-05 7.320488e+02 2.934841e+02 8.103971e+02
-5.154628e-05 7.320488e+02 2.934841e+02 8.103970e+02
-4.909541e-05 7.320488e+02 2.934841e+02 8.103970e+02
-4.711190e-05 7.320488e+02 2.934841e+02 8.103970e+02
-4.557378e-05 7.320488e+02 2.934841e+02 8.103970e+02
-4.446551e-05 7.320488e+02 2.934841e+02 8.103970e+02
-4.377857e-05 7.320488e+02 2.934841e+02 8.103970e+02
-4.351204e-05 7.320488e+02 2.934841e+02 8.103970e+02
-4.367351e-05 7.320488e+02 2.934841e+02 8.103970e+02
-4.428028e-05 7.320488e+02 2.934841e+02 8.103970e+02
-4.536093e-05 7.320488e+02 2.934841e+02 8.103970e+02
-4.695744e-05 7.320488e+02 2.934841e+02 8.103970e+02
-4.912800e-05 7.320488e+02 2.934841e+02 8.103970e+02
-5.195084e-05 7.320488e+02 2.934841e+02 8.103970e+02
-5.552917e-05 7.320488e+02 2.934841e+02 8.103970e+02
-5.999792e-05 7.320488e+02 2.934841e+02 8.103971e+02
-6.553267e-05 7.320488e+02 2.934841e+02 8.103971e+02
-7.236158e-05 7.320488e+02 2.934841e+02 8.103971e+02
-8.078145e-05 7.320488e+02 2.934841e+02 8.103971e+02
-9.117943e-05 7.320488e+02 2.934841e+02 8.103971e+02
-1.040623e-04 7.320488e+02 2.934841e+02 8.103971e+02
-1.200964e-04 7.320488e+02 2.934841e+02 8.103971e+02
-1.401619e-04 7.320488e+02 2.934841e+02 8.103971e+02
-1.654270e-04 7.320489e+02 2.934841e+02 8.103972e+02
-1.974499e-04 7.320489e+02 2.934841e+02 8.103972e+02
-2.383182e-04 7.320489e+02 2.934842e+02 8.103972e+02
-2.908400e-04 7.320490e+02 2.934842e+02 8.103973e+02
-3.588047e-04 7.320490e+02 2.934842e+02 8.103973e+02
-4.473362e-04 7.320491e+02 2.934842e+02 8.103974e+02
-5.633659e-04 7.320492e+02 2.934843e+02 8.103975e+02
-7.162520e-04 7.320493e+02 2.934843e+02 8.103977e+02
-9.185662e-04 7.320495e+02 2.934844e+02 8.103979e+02
-1.187036e-03 7.320498e+02 2.934845e+02 8.103981e+02
-1.543569e-03 7.320501e+02 2.934846e+02 8.103985e+02
-2.016139e-03 7.320505e+02 2.934848e+02 8.103989e+02
-2.639080e-03 7.320510e+02 2.934850e+02 8.103995e+02
-3.451925e-03 7.320517e+02 2.934853e+02 8.104003e+02
-4.495437e-03 7.320526e+02 2.934857e+02 8.104013e+02
-5.803048e-03 7.320538e+02 2.934861e+02 8.104026e+02
-7.386132e-03 7.320553e+02 2.934867e+02 8.104042e+02
-9.213283e-03 7.320570e+02 2.934874e+02 8.104061e+02
-1.118806e-02 7.320589e+02 2.934882e+02 8.104083e+02
-1.313600e-02 7.320609e+02 2.934890e+02 8.104105e+02
-1.481607e-02 7.320628e+02 2.934897e+02 8.104125e+02
-1.596743e-02 7.320642e+02 2.934903e+02 8.104141e+02
-1.638404e-02 7.320650e+02 2.934906e+02 8.104150e+02
-1.598645e-02 7.320650e+02 2.934906e+02 8.104151e+02
-1.485203e-02 7.320642e+02 2.934903e+02 8.104142e+02
-1.318550e-02 7.320628e+02 2.934897e+02 8.104126e+02
-1.124742e-02 7.320610e+02 2.934890e+02 8.104105e+02
-9.279409e-03 7.320590e+02 2.934882e+02 8.104083e+02
-7.456910e-03 7.320570e+02 2.934874e+02 8.104062e+02
-5.877291e-03 7.320553e+02 2.934867e+02 8.104043e+02
-4.572631e-03 7.320539e+02 2.934862e+02 8.104027e+02
-3.531933e-03 7.320527e+02 2.934857e+02 8.104014e+02
-2.721906e-03 7.320518e+02 2.934853e+02 8.104004e+02
-2.101785e-03 7.320511e+02 2.934850e+02 8.103996e+02
-1.631959e-03 7.320506e+02 2.934848e+02 8.103990e+02
-1.277996e-03 7.320501e+02 2.934847e+02 8.103986e+02
-1.011823e-03 7.320498e+02 2.934845e+02 8.103982e+02
-8.114543e-04 7.320496e+02 2.934844e+02 8.103980e+02
-6.601009e-04 7.320494e+02 2.934844e+02 8.103978e+02
-5.451513e-04 7.320493e+02 2.934843e+02 8.103976e+02
-4.572246e-04 7.320492e+02 2.934843e+02 8.103975e+02
-3.893816e-04 7.320491e+02 2.934842e+02 8.103975e+02
-3.365024e-04 7.320491e+02 2.934842e+02 8.103974e+02
-2.948111e-04 7.320490e+02 2.934842e+02 8.103973e+02
-2.615204e-04 7.320490e+02 2.934842e+02 8.103973e+02
-2.345689e-04 7.320490e+02 2.934842e+02 8.103973e+02
-2.124283e-04 7.320489e+02 2.934842e+02 8.103972e+02
-1.939624e-04 7.320489e+02 2.934842e+02 8.103972e+02
-1.783243e-04 7.320489e+02 2.934841e+02 8.103972e+02
-1.648809e-04 7.320489e+02 2.934841e+02 8.103972e+02
-1.531575e-04 7.320489e+02 2.934841e+02 8.103972e+02
-1.427976e-04 7.320489e+02 2.934841e+02 8.103972e+02
-1.335325e-04 7.320488e+02 2.934841e+02 8.103971e+02
-1.251592e-04 7.320488e+02 2.934841e+02 8.103971e+02
-1.175239e-04 7.320488e+02 2.934841e+02 8.103971e+02
-1.105099e-04 7.320488e+02 2.934841e+02 8.103971e+02
-1.040276e-04 7.320488e+02 2.934841e+02 8.103971e+02
-9.800868e-05 7.320488e+02 2.934841e+02 8.103971e+02
-9.239993e-05 7.320488e+02 2.934841e+02 8.103971e+02
-8.715988e-05 7.320488e+02 2.934841e+02 8.103971e+02
-8.225571e-05 7.320488e+02 2.934841e+02 8.103971e+02
-7.766103e-05 7.320488e+02 2.934841e+02 8.103971e+02
-7.335424e-05 7.320488e+02 2.934841e+02 8.103971e+02
-6.931732e-05 7.320488e+02 2.934841e+02 8.103971e+02
-6.553490e-05 7.320488e+02 2.934841e+02 8.103971e+02
-6.199359e-05 7.320488e+02 2.934841e+02 8.103971e+02
-5.868149e-05 7.320488e+02 2.934841e+02 8.103971e+02
-5.558782e-05 7.320488e+02 2.934841e+02 8.103971e+02
-5.270269e-05 7.320488e+02 2.934841e+02 8.103970e+02
-5.001690e-05 7.320488e+02 2.934841e+02 8.103970e+02
-4.752183e-05 7.320488e+02 2.934841e+02 8.103970e+02
-4.520933e-05 7.320488e+02 2.934841e+02 8.103970e+02
-4.307168e-05 7.320488e+02 2.934841e+02 8.103970e+02
-4.110155e-05 7.320488e+02 2.934841e+02 8.103970e+02
-3.929192e-05 7.320488e+02 2.934841e+02 8.103970e+02
-3.763614e-05 7.320487e+02 2.934841e+02 8.103970e+02
-3.612781e-05 7.320487e+02 2.934841e+02 8.103970e+02
-3.476081e-05 7.320487e+02 2.934841e+02 8.103970e+02
-3.352925e-05 7.320487e+02 2.934841e+02 8.103970e+02
-3.242743e-05 7.320487e+02 2.934841e+02 8.103970e+02
-3.144982e-05 7.320487e+02 2.934841e+02 8.103970e+02
-3.059097e-05 7.320487e+02 2.934841e+02 8.103970e+02
-2.984547e-05 7.320487e+02 2.934841e+02 8.103970e+02
-2.920790e-05 7.320487e+02 2.934841e+02 8.103970e+02
-2.867277e-05 7.320487e+02 2.934841e+02 8.103970e+02
-2.823440e-05 7.320487e+02 2.934841e+02 8.103970e+02
-2.788689e-05 7.320487e+02 2.934841e+02 8.103970e+02
-2.762405e-05 7.320487e+02 2.934841e+02 8.103970e+02
-2.743931e-05 7.320487e+02 2.934841e+02 8.103970e+02
-2.732570e-05 7.320487e+02 2.934841e+02 8.103970e+02
-2.727575e-05 7.320487e+02 2.934841e+02 8.103970e+02
-2.728153e-05 7.320487e+02 2.934841e+02 8.103970e+02
-2.733462e-05 7.320487e+02 2.934841e+02 8.103970e+02
-2.742610e-05 7.320487e+02 2.934841e+02 8.103970e+02
-2.754668e-05 7.320487e+02 2.934841e+02 8.103970e+02
-2.768672e-05 7.320487e+02 2.934841e+02 8.103970e+02
-2.783636e-05 7.320487e+02 2.934841e+02 8.103970e+02
-2.798571e-05 7.320487e+02 2.934841e+02 8.103970e+02
-2.812499e-05 7.320487e+02 2.934841e+02 8.103970e+02
-2.824474e-05 7.320487e+02 2.934841e+02 8.103970e+02
-2.833604e-05 7.320487e+02 2.934841e+02 8.103970e+02
-2.839073e-05 7.320487e+02 2.934841e+02 8.103970e+02
-2.840163e-05 7.320487e+02 2.934841e+02 8.103970e+02
-2.836274e-05 7.320487e+02 2.934841e+02 8.103970e+02
-2.826938e-05 7.320487e+02 2.934841e+02 8.103970e+02
-2.811837e-05 7.320487e+02 2.934841e+02 8.103970e+02
-2.790807e-05 7.320487e+02 2.934841e+02 8.103970e+02
-2.763846e-05 7.320487e+02 2.934841e+02 8.103970e+02
-2.731103e-05 7.320487e+02 2.934841e+02 8.103970e+02
-2.692882e-05 7.320487e+02 2.934841e+02 8.103970e+02
-2.649618e-05 7.320487e+02 2.934841e+02 8.103970e+02
-2.601867e-05 7.320487e+02 2.934841e+02 8.103970e+02
-2.550285e-05 7.320487e+02 2.934841e+02 8.103970e+02
-2.495603e-05 7.320487e+02 2.934841e+02 8.103970e+02
-2.438609e-05 7.320487e+02 2.934841e+02 8.103970e+02
-2.380117e-05 7.320487e+02 2.934841e+02 8.103970e+02
-2.320956e-05 7.320487e+02 2.934841e+02 8.103970e+02
-2.261939e-05 7.320487e+02 2.934841e+02 8.103970e+02
-2.203857e-05 7.320487e+02 2.934841e+02 8.103970e+02
-2.147454e-05 7.320487e+02 2.934841e+02 8.103970e+02
-2.093427e-05 7.320487e+02 2.934841e+02 8.103970e+02
-2.042411e-05 7.320487e+02 2.934841e+02 8.103970e+02
-1.994975e-05 7.320487e+02 2.934841e+02 8.103970e+02
-1.951626e-05 7.320487e+02 2.934841e+02 8.103970e+02
-1.912803e-05 7.320487e+02 2.934841e+02 8.103970e+02
-1.878883e-05 7.320487e+02 2.934841e+02 8.103970e+02
-1.850183e-05 7.320487e+02 2.934841e+02 8.103970e+02
-1.826967e-05 7.320487e+02 2.934841e+02 8.103970e+02
-1.809450e-05 7.320487e+02 2.934841e+02 8.103970e+02
-1.797807e-05 7.320487e+02 2.934841e+02 8.103970e+02
-1.792175e-05 7.320487e+02 2.934841e+02 8.103970e+02
-1.792663e-05 7.320487e+02 2.934841e+02 8.103970e+02
-1.799358e-05 7.320487e+02 2.934841e+02 8.103970e+02
-1.812329e-05 7.320487e+02 2.934841e+02 8.103970e+02
-1.831637e-05 7.320487e+02 2.934841e+02 8.103970e+02
-1.857340e-05 7.320487e+02 2.934841e+02 8.103970e+02
-1.889500e-05 7.320487e+02 2.934841e+02 8.103970e+02
-1.928188e-05 7.320487e+02 2.934841e+02 8.103970e+02
-1.973497e-05 7.320487e+02 2.934841e+02 8.103970e+02
-2.025545e-05 7.320487e+02 2.934841e+02 8.103970e+02
-2.084488e-05 7.320487e+02 2.934841e+02 8.103970e+02
-2.150527e-05 7.320487e+02 2.934841e+02 8.103970e+02
-2.223922e-05 7.320487e+02 2.934841e+02 8.103970e+02
-2.305001e-05 7.320487e+02 2.934841e+02 8.103970e+02
-2.394172e-05 7.320487e+02 2.934841e+02 8.103970e+02
-2.491937e-05 7.320487e+02 2.934841e+02 8.103970e+02
-2.598899e-05 7.320487e+02 2.934841e+02 8.103970e+02
-2.715781e-05 7.320487e+02 2.934841e+02 8.103970e+02
-2.843427e-05 7.320487e+02 2.934841e+02 8.103970e+02
-2.982816e-05 7.320487e+02 2.934841e+02 8.103970e+02
-3.135063e-05 7.320487e+02 2.934841e+02 8.103970e+02
-3.301419e-05 7.320487e+02 2.934841e+02 8.103970e+02
-3.483271e-05 7.320487e+02 2.934841e+02 8.103970e+02
-3.682124e-05 7.320487e+02 2.934841e+02 8.103970e+02
-3.899588e-05 7.320487e+02 2.934841e+02 8.103970e+02
-4.137353e-05 7.320488e+02 2.934841e+02 8.103970e+02
-4.397146e-05 7.320488e+02 2.934841e+02 8.103970e+02
-4.680689e-05 7.320488e+02 2.934841e+02 8.103970e+02
-4.989637e-05 7.320488e+02 2.934841e+02 8.103970e+02
-5.325509e-05 7.320488e+02 2.934841e+02 8.103970e+02
-5.689597e-05 7.320488e+02 2.934841e+02 8.103970e+02
-6.082870e-05 7.320488e+02 2.934841e+02 8.103971e+02
-6.505866e-05 7.320488e+02 2.934841e+02 8.103971e+02
-6.958562e-05 7.320488e+02 2.934841e+02 8.103971e+02
-7.440254e-05 7.320488e+02 2.934841e+02 8.103971e+02
-7.949423e-05 7.320488e+02 2.934841e+02 8.103971e+02
-8.483610e-05 7.320488e+02 2.934841e+02 8.103971e+02
-9.039307e-05 7.320488e+02 2.934841e+02 8.103971e+02
-9.611866e-05 7.320488e+02 2.934841e+02 8.103971e+02
-1.019546e-04 7.320488e+02 2.934841e+02 8.103971e+02
-1.078306e-04 7.320488e+02 2.934841e+02 8.103971e+02
-1.136653e-04 7.320488e+02 2.934841e+02 8.103971e+02
-1.193673e-04 7.320488e+02 2.934841e+02 8.103971e+02
-1.248372e-04 7.320488e+02 2.934841e+02 8.103971e+02
-1.299705e-04 7.320488e+02 2.934841e+02 8.103971e+02
-1.346614e-04 7.320488e+02 2.934841e+02 8.103971e+02
-1.388061e-04 7.320488e+02 2.934841e+02 8.103971e+02
-1.423082e-04 7.320489e+02 2.934841e+02 8.103971e+02
-1.450824e-04 7.320489e+02 2.934841e+02 8.103971e+02
-1.470587e-04 7.320489e+02 2.934841e+02 8.103971e+02
-1.481867e-04 7.320489e+02 2.934841e+02 8.103972e+02
-1.484373e-04 7.320489e+02 2.934841e+02 8.103972e+02
-1.478050e-04 7.320489e+02 2.934841e+02 8.103972e+02
-1.463077e-04 7.320489e+02 2.934841e+02 8.103972e+02
-1.439859e-04 7.320489e+02 2.934841e+02 8.103971e+02
-1.409005e-04 7.320489e+02 2.934841e+02 8.103971e+02
-1.371293e-04 7.320488e+02 2.934841e+02 8.103971e+02
-1.327633e-04 7.320488e+02 2.934841e+02 8.103971e+02
-1.279022e-04 7.320488e+02 2.934841e+02 8.103971e+02
-1.226502e-04 7.320488e+02 2.934841e+02 8.103971e+02
-1.171117e-04 7.320488e+02 2.934841e+02 8.103971e+02
-1.113874e-04 7.320488e+02 2.934841e+02 8.103971e+02
-1.055717e-04 7.320488e+02 2.934841e+02 8.103971e+02
-9.974984e-05 7.320488e+02 2.934841e+02 8.103971e+02
-9.399689e-05 7.320488e+02 2.934841e+02 8.103971e+02
-8.837647e-05 7.320488e+02 2.934841e+02 8.103971e+02
-8.294074e-05 7.320488e+02 2.934841e+02 8.103971e+02
-7.773067e-05 7.320488e+02 2.934841e+02 8.103971e+02
-7.277671e-05 7.320488e+02 2.934841e+02 8.103971e+02
-6.809982e-05 7.320488e+02 2.934841e+02 8.103971e+02
-6.371259e-05 7.320488e+02 2.934841e+02 8.103971e+02
-5.962045e-05 7.320488e+02 2.934841e+02 8.103971e+02
-5.582289e-05 7.320488e+02 2.934841e+02 8.103971e+02
-5.231464e-05 7.320488e+02 2.934841e+02 8.103970e+02
-4.908670e-05 7.320488e+02 2.934841e+02 8.103970e+02
-4.612731e-05 7.320488e+02 2.934841e+02 8.103970e+02
-4.342274e-05 7.320488e+02 2.934841e+02 8.103970e+02
-4.095800e-05 7.320488e+02 2.934841e+02 8.103970e+02
-3.871742e-05 7.320487e+02 2.934841e+02 8.103970e+02
-3.668506e-05 7.320487e+02 2.934841e+02 8.103970e+02
-3.484511e-05 7.320487e+02 2.934841e+02 8.103970e+02
-3.318213e-05 7.320487e+02 2.934841e+02 8.103970e+02
-3.168128e-05 7.320487e+02 2.934841e+02 8.103970e+02
-3.032841e-05 7.320487e+02 2.934841e+02 8.103970e+02
-2.911019e-05 7.320487e+02 2.934841e+02 8.103970e+02
-2.801414e-05 7.320487e+02 2.934841e+02 8.103970e+02
-2.702866e-05 7.320487e+02 2.934841e+02 8.103970e+02
-2.614301e-05 7.320487e+02 2.934841e+02 8.103970e+02
-2.534732e-05 7.320487e+02 2.934841e+02 8.103970e+02
-2.463251e-05 7.320487e+02 2.934841e+02 8.103970e+02
-2.399033e-05 7.320487e+02 2.934841e+02 8.103970e+02
-2.341321e-05 7.320487e+02 2.934841e+02 8.103970e+02
-2.289432e-05 7.320487e+02 2.934841e+02 8.103970e+02
-2.242744e-05 7.320487e+02 2.934841e+02 8.103970e+02
-2.200696e-05 7.320487e+02 2.934841e+02 8.103970e+02
-2.162782e-05 7.320487e+02 2.934841e+02 8.103970e+02
-2.128545e-05 7.320487e+02 2.934841e+02 8.103970e+02
-2.097577e-05 7.320487e+02 2.934841e+02 8.103970e+02
-2.069511e-05 7.320487e+02 2.934841e+02 8.103970e+02
-2.044019e-05 7.320487e+02 2.934841e+02 8.103970e+02
-2.020808e-05 7.320487e+02 2.934841e+02 8.103970e+02
-1.999619e-05 7.320487e+02 2.934841e+02 8.103970e+02
-1.980223e-05 7.320487e+02 2.934841e+02 8.103970e+02
-1.962416e-05 7.320487e+02 2.934841e+02 8.103970e+02
-1.946021e-05 7.320487e+02 2.934841e+02 8.103970e+02
-1.930883e-05 7.320487e+02 2.934841e+02 8.103970e+02
-1.916869e-05 7.320487e+02 2.934841e+02 8.103970e+02
-1.903864e-05 7.320487e+02 2.934841e+02 8.103970e+02
-1.891771e-05 7.320487e+02 2.934841e+02 8.103970e+02
-1.880511e-05 7.320487e+02 2.934841e+02 8.103970e+02
-1.870018e-05 7.320487e+02 2.934841e+02 8.103970e+02
-1.860242e-05 7.320487e+02 2.934841e+02 8.103970e+02
-1.851144e-05 7.320487e+02 2.934841e+02 8.103970e+02
-1.842699e-05 7.320487e+02 2.934841e+02 8.103970e+02
-1.834892e-05 7.320487e+02 2.934841e+02 8.103970e+02
-1.827719e-05 7.320487e+02 2.934841e+02 8.103970e+02
-1.821185e-05 7.320487e+02 2.934841e+02 8.103970e+02
-1.815306e-05 7.320487e+02 2.934841e+02 8.103970e+02
-1.810105e-05 7.320487e+02 2.934841e+02 8.103970e+02
-1.805614e-05 7.320487e+02 2.934841e+02 8.103970e+02
-1.801871e-05 7.320487e+02 2.934841e+02 8.103970e+02
-1.798925e-05 7.320487e+02 2.934841e+02 8.103970e+02
-1.796830e-05 7.320487e+02 2.934841e+02 8.103970e+02
-1.795648e-05 7.320487e+02 2.934841e+02 8.103970e+02
-1.795448e-05 7.320487e+02 2.934841e+02 8.103970e+02
-1.796309e-05 7.320487e+02 2.934841e+02 8.103970e+02
-1.798315e-05 7.320487e+02 2.934841e+02 8.103970e+02
-1.801561e-05 7.320487e+02 2.934841e+02 8.103970e+02
-1.806152e-05 7.320487e+02 2.934841e+02 8.103970e+02
-1.812204e-05 7.320487e+02 2.934841e+02 8.103970e+02
-1.819845e-05 7.320487e+02 2.934841e+02 8.103970e+02
-1.829216e-05 7.320487e+02 2.934841e+02 8.103970e+02
-1.840478e-05 7.320487e+02 2.934841e+02 8.103970e+02
-1.853807e-05 7.320487e+02 2.934841e+02 8.103970e+02
-1.869403e-05 7.320487e+02 2.934841e+02 8.103970e+02
-1.887491e-05 7.320487e+02 2.934841e+02 8.103970e+02
-1.908327e-05 7.320487e+02 2.934841e+02 8.103970e+02
-1.932202e-05 7.320487e+02 2.934841e+02 8.103970e+02
-1.959445e-05 7.320487e+02 2.934841e+02 8.103970e+02
-1.990436e-05 7.320487e+02 2.934841e+02 8.103970e+02
-2.025610e-05 7.320487e+02 2.934841e+02 8.103970e+02
-2.065468e-05 7.320487e+02 2.934841e+02 8.103970e+02
-2.110588e-05 7.320487e+02 2.934841e+02 8.103970e+02
-2.161641e-05 7.320487e+02 2.934841e+02 8.103970e+02
-2.219401e-05 7.320487e+02 2.934841e+02 8.103970e+02
-2.284774e-05 7.320487e+02 2.934841e+02 8.103970e+02
-2.358811e-05 7.320487e+02 2.934841e+02 8.103970e+02
-2.442744e-05 7.320487e+02 2.934841e+02 8.103970e+02
-2.538014e-05 7.320487e+02 2.934841e+02 8.103970e+02
-2.646315e-05 7.320487e+02 2.934841e+02 8.103970e+02
-2.769642e-05 7.320487e+02 2.934841e+02 8.103970e+02
-2.910348e-05 7.320487e+02 2.934841e+02 8.103970e+02
-3.071220e-05 7.320487e+02 2.934841e+02 8.103970e+02
-3.255567e-05 7.320487e+02 2.934841e+02 8.103970e+02
-3.467329e-05 7.320487e+02 2.934841e+02 8.103970e+02
-3.711213e-05 7.320487e+02 2.934841e+02 8.103970e+02
-3.992856e-05 7.320487e+02 2.934841e+02 8.103970e+02
-4.319037e-05 7.320488e+02 2.934841e+02 8.103970e+02
-4.697931e-05 7.320488e+02 2.934841e+02 8.103970e+02
-5.139431e-05 7.320488e+02 2.934841e+02 8.103970e+02
-5.655557e-05 7.320488e+02 2.934841e+02 8.103970e+02
-6.260954e-05 7.320488e+02 2.934841e+02 8.103971e+02
-6.973542e-05 7.320488e+02 2.934841e+02 8.103971e+02
-7.815325e-05 7.320488e+02 2.934841e+02 8.103971e+02
-8.813418e-05 7.320488e+02 2.934841e+02 8.103971e+02
-1.000136e-04 7.320488e+02 2.934841e+02 8.103971e+02
-1.142079e-04 7.320488e+02 2.934841e+02 8.103971e+02
-1.312358e-04 7.320488e+02 2.934841e+02 8.103971e+02
-1.517457e-04 7.320489e+02 2.934841e+02 8.103971e+02
-1.765507e-04 7.320489e+02 2.934841e+02 8.103972e+02
-2.066731e-04 7.320489e+02 2.934842e+02 8.103972e+02
-2.434017e-04 7.320489e+02 2.934842e+02 8.103972e+02
-2.883636e-04 7.320490e+02 2.934842e+02 8.103973e+02
-3.436154e-04 7.320490e+02 2.934842e+02 8.103973e+02
-4.117563e-04 7.320491e+02 2.934842e+02 8.103974e+02
-4.960656e-04 7.320492e+02 2.934843e+02 8.103975e+02
-6.006667e-04 7.320493e+02 2.934843e+02 8.103976e+02
-7.307133e-04 7.320494e+02 2.934843e+02 8.103977e+02
-8.925863e-04 7.320495e+02 2.934844e+02 8.103979e+02
-1.094076e-03 7.320497e+02 2.934845e+02 8.103981e+02
-1.344500e-03 7.320499e+02 2.934846e+02 8.103983e+02
-1.654678e-03 7.320502e+02 2.934847e+02 8.103986e+02
-2.036642e-03 7.320505e+02 2.934848e+02 8.103990e+02
-2.502917e-03 7.320510e+02 2.934850e+02 8.103995e+02
-3.065211e-03 7.320515e+02 2.934852e+02 8.104001e+02
-3.732375e-03 7.320521e+02 2.934854e+02 8.104007e+02
-4.507702e-03 7.320528e+02 2.934857e+02 8.104015e+02
-5.385906e-03 7.320536e+02 2.934861e+02 8.104024e+02
-6.350553e-03 7.320546e+02 2.934864e+02 8.104035e+02
-7.372966e-03 7.320556e+02 2.934868e+02 8.104046e+02
-8.413470e-03 7.320566e+02 2.934872e+02 8.104057e+02
-9.425035e-03 7.320576e+02 2.934877e+02 8.104069e+02
-1.035827e-02 7.320586e+02 2.934880e+02 8.104080e+02
-1.116596e-02 7.320595e+02 2.934884e+02 8.104089e+02
-1.180600e-02 7.320602e+02 2.934887e+02 8.104097e+02
-1.224276e-02 7.320608e+02 2.934889e+02 8.104103e+02
-1.244858e-02 7.320611e+02 2.934890e+02 8.104107e+02
-1.240661e-02 7.320612e+02 2.934891e+02 8.104108e+02
-1.211482e-02 7.320610e+02 2.934890e+02 8.104106e+02
-1.158940e-02 7.320606e+02 2.934888e+02 8.104101e+02
-1.086513e-02 7.320600e+02 2.934886e+02 8.104094e+02
-9.991857e-03 7.320592e+02 2.934883e+02 8.104086e+02
-9.027511e-03 7.320582e+02 2.934879e+02 8.104075e+02
-8.030041e-03 7.320572e+02 2.934875e+02 8.104064e+02
-7.050309e-03 7.320562e+02 2.934871e+02 8.104053e+02
-6.127555e-03 7.320553e+02 2.934867e+02 8.104043e+02
-5.287806e-03 7.320544e+02 2.934864e+02 8.104033e+02
-4.544685e-03 7.320536e+02 2.934860e+02 8.104024e+02
-3.901707e-03 7.320529e+02 2.934858e+02 8.104016e+02
-3.355131e-03 7.320523e+02 2.934855e+02 8.104010e+02
-2.896705e-03 7.320518e+02 2.934853e+02 8.104004e+02
-2.515918e-03 7.320514e+02 2.934852e+02 8.104000e+02
-2.201646e-03 7.320511e+02 2.934850e+02 8.103996e+02
-1.943209e-03 7.320508e+02 2.934849e+02 8.103993e+02
-1.730957e-03 7.320505e+02 2.934848e+02 8.103990e+02
-1.556500e-03 7.320503e+02 2.934847e+02 8.103988e+02
-1.412722e-03 7.320502e+02 2.934847e+02 8.103986e+02
-1.293656e-03 7.320501e+02 2.934846e+02 8.103985e+02
-1.194322e-03 7.320500e+02 2.934846e+02 8.103984e+02
-1.110552e-03 7.320499e+02 2.934845e+02 8.103983e+02
-1.038852e-03 7.320498e+02 2.934845e+02 8.103982e+02
-9.762910e-04 7.320497e+02 2.934845e+02 8.103981e+02
-9.204340e-04 7.320497e+02 2.934845e+02 8.103980e+02
-8.692987e-04 7.320496e+02 2.934844e+02 8.103980e+02
-8.213274e-04 7.320496e+02 2.934844e+02 8.103979e+02
-7.753628e-04 7.320495e+02 2.934844e+02 8.103979e+02
-7.306182e-04 7.320495e+02 2.934844e+02 8.103978e+02
-6.866377e-04 7.320494e+02 2.934844e+02 8.103978e+02
-6.432447e-04 7.320494e+02 2.934843e+02 8.103977e+02
-6.004808e-04 7.320493e+02 2.934843e+02 8.103977e+02
-5.585427e-04 7.320493e+02 2.934843e+02 8.103976e+02
-5.177192e-04 7.320492e+02 2.934843e+02 8.103976e+02
-4.783355e-04 7.320492e+02 2.934843e+02 8.103975e+02
-4.407089e-04 7.320492e+02 2.934843e+02 8.103975e+02
-4.051158e-04 7.320491e+02 2.934842e+02 8.103975e+02
-3.717715e-04 7.320491e+02 2.934842e+02 8.103974e+02
-3.408207e-04 7.320491e+02 2.934842e+02 8.103974e+02
-3.123375e-04 7.320490e+02 2.934842e+02 8.103973e+02
-2.863305e-04 7.320490e+02 2.934842e+02 8.103973e+02
-2.627527e-04 7.320490e+02 2.934842e+02 8.103973e+02
-2.415124e-04 7.320490e+02 2.934842e+02 8.103973e+02
-2.224853e-04 7.320489e+02 2.934842e+02 8.103972e+02
-2.055248e-04 7.320489e+02 2.934842e+02 8.103972e+02
-1.904716e-04 7.320489e+02 2.934842e+02 8.103972e+02
-1.771612e-04 7.320489e+02 2.934841e+02 8.103972e+02
-1.654302e-04 7.320489e+02 2.934841e+02 8.103972e+02
-1.551203e-04 7.320489e+02 2.934841e+02 8.103972e+02
-1.460817e-04 7.320489e+02 2.934841e+02 8.103972e+02
-1.381747e-04 7.320489e+02 2.934841e+02 8.103971e+02
-1.312714e-04 7.320488e+02 2.934841e+02 8.103971e+02
-1.252551e-04 7.320488e+02 2.934841e+02 8.103971e+02
-1.200211e-04 7.320488e+02 2.934841e+02 8.103971e+02
-1.154759e-04 7.320488e+02 2.934841e+02 8.103971e+02
-1.115364e-04 7.320488e+02 2.934841e+02 8.103971e+02
-1.081295e-04 7.320488e+02 2.934841e+02 8.103971e+02
-1.051908e-04 7.320488e+02 2.934841e+02 8.103971e+02
-1.026642e-04 7.320488e+02 2.934841e+02 8.103971e+02
-1.005011e-04 7.320488e+02 2.934841e+02 8.103971e+02
-9.865900e-05 7.320488e+02 2.934841e+02 8.103971e+02
-9.710161e-05 7.320488e+02 2.934841e+02 8.103971e+02
-9.579762e-05 7.320488e+02 2.934841e+02 8.103971e+02
-9.472040e-05 7.320488e+02 2.934841e+02 8.103971e+02
-9.384740e-05 7.320488e+02 2.934841e+02 8.103971e+02
-9.315974e-05 7.320488e+02 2.934841e+02 8.103971e+02
-9.264192e-05 7.320488e+02 2.934841e+02 8.103971e+02
-9.228151e-05 7.320488e+02 2.934841e+02 8.103971e+02
-9.206895e-05 7.320488e+02 2.934841e+02 8.103971e+02
-9.199755e-05 7.320488e+02 2.934841e+02 8.103971e+02
-9.206340e-05 7.320488e+02 2.934841e+02 8.103971e+02
-9.226552e-05 7.320488e+02 2.934841e+02 8.103971e+02
-9.260601e-05 7.320488e+02 2.934841e+02 8.103971e+02
-9.309043e-05 7.320488e+02 2.934841e+02 8.103971e+02
-9.372816e-05 7.320488e+02 2.934841e+02 8.103971e+02
-9.453301e-05 7.320488e+02 2.934841e+02 8.103971e+02
-9.552391e-05 7.320488e+02 2.934841e+02 8.103971e+02
-9.672579e-05 7.320488e+02 2.934841e+02 8.103971e+02
-9.817068e-05 7.320488e+02 2.934841e+02 8.103971e+02
-9.989898e-05 7.320488e+02 2.934841e+02 8.103971e+02
-1.019610e-04 7.320488e+02 2.934841e+02 8.103971e+02
-1.044189e-04 7.320488e+02 2.934841e+02 8.103971e+02
-1.073486e-04 7.320488e+02 2.934841e+02 8.103971e+02
-1.108429e-04 7.320488e+02 2.934841e+02 8.103971e+02
-1.150140e-04 7.320488e+02 2.934841e+02 8.103971e+02
-1.199974e-04 7.320488e+02 2.934841e+02 8.103971e+02
-1.259563e-04 7.320488e+02 2.934841e+02 8.103971e+02
-1.330864e-04 7.320488e+02 2.934841e+02 8.103971e+02
-1.416221e-04 7.320488e+02 2.934841e+02 8.103971e+02
-1.518428e-04 7.320489e+02 2.934841e+02 8.103972e+02
-1.640815e-04 7.320489e+02 2.934841e+02 8.103972e+02
-1.787332e-04 7.320489e+02 2.934841e+02 8.103972e+02
-1.962647e-04 7.320489e+02 2.934841e+02 8.103972e+02
-2.172254e-04 7.320489e+02 2.934842e+02 8.103972e+02
-2.422585e-04 7.320489e+02 2.934842e+02 8.103972e+02
-2.721105e-04 7.320490e+02 2.934842e+02 8.103973e+02
-3.076407e-04 7.320490e+02 2.934842e+02 8.103973e+02
-3.498256e-04 7.320490e+02 2.934842e+02 8.103974e+02
-3.997577e-04 7.320491e+02 2.934842e+02 8.103974e+02
-4.586336e-04 7.320491e+02 2.934842e+02 8.103975e+02
-5.277267e-04 7.320492e+02 2.934843e+02 8.103975e+02
-6.083396e-04 7.320493e+02 2.934843e+02 8.103976e+02
-7.017272e-04 7.320494e+02 2.934843e+02 8.103977e+02
-8.089864e-04 7.320495e+02 2.934844e+02 8.103978e+02
-9.309051e-04 7.320496e+02 2.934844e+02 8.103979e+02
-1.067772e-03 7.320497e+02 2.934845e+02 8.103981e+02
-1.219152e-03 7.320499e+02 2.934845e+02 8.103983e+02
-1.383649e-03 7.320500e+02 2.934846e+02 8.103984e+02
-1.558685e-03 7.320502e+02 2.934847e+02 8.103986e+02
-1.740346e-03 7.320504e+02 2.934847e+02 8.103988e+02
-1.923359e-03 7.320505e+02 2.934848e+02 8.103990e+02
-2.101251e-03 7.320507e+02 2.934849e+02 8.103992e+02
-2.266741e-03 7.320509e+02 2.934850e+02 8.103994e+02
-2.412374e-03 7.320511e+02 2.934850e+02 8.103996e+02
-2.531324e-03 7.320512e+02 2.934851e+02 8.103997e+02
-2.618290e-03 7.320513e+02 2.934851e+02 8.103998e+02
-2.670277e-03 7.320514e+02 2.934851e+02 8.103999e+02
-2.687141e-03 7.320514e+02 2.934852e+02 8.104000e+02
-2.671713e-03 7.320514e+02 2.934852e+02 8.104000e+02
-2.629470e-03 7.320514e+02 2.934851e+02 8.103999e+02
-2.567765e-03 7.320513e+02 2.934851e+02 8.103999e+02
-2.494732e-03 7.320512e+02 2.934851e+02 8.103998e+02
-2.418015e-03 7.320512e+02 2.934851e+02 8.103997e+02
-2.343544e-03 7.320511e+02 2.934850e+02 8.103996e+02
-2.274547e-03 7.320510e+02 2.934850e+02 8.103995e+02
-2.211007e-03 7.320510e+02 2.934850e+02 8.103995e+02
-2.149768e-03 7.320509e+02 2.934849e+02 8.103994e+02
-2.085367e-03 7.320508e+02 2.934849e+02 8.103993e+02
-2.011497e-03 7.320508e+02 2.934849e+02 8.103993e+02
-1.922794e-03 7.320507e+02 2.934849e+02 8.103992e+02
-1.816401e-03 7.320506e+02 2.934848e+02 8.103991e+02
-1.692818e-03 7.320505e+02 2.934848e+02 8.103989e+02
-1.555780e-03 7.320503e+02 2.934847e+02 8.103988e+02
-1.411258e-03 7.320502e+02 2.934847e+02 8.103986e+02
-1.266036e-03 7.320500e+02 2.934846e+02 8.103985e+02
-1.126353e-03 7.320499e+02 2.934846e+02 8.103983e+02
-9.969854e-04 7.320498e+02 2.934845e+02 8.103982e+02
-8.808634e-04 7.320496e+02 2.934845e+02 8.103980e+02
-7.791607e-04 7.320495e+02 2.934844e+02 8.103979e+02
-6.916558e-04 7.320494e+02 2.934844e+02 8.103978e+02
-6.171943e-04 7.320494e+02 2.934843e+02 8.103977e+02
-5.541235e-04 7.320493e+02 2.934843e+02 8.103976e+02
-5.006361e-04 7.320492e+02 2.934843e+02 8.103976e+02
-4.550042e-04 7.320492e+02 2.934843e+02 8.103975e+02
-4.157150e-04 7.320491e+02 2.934842e+02 8.103975e+02
-3.815292e-04 7.320491e+02 2.934842e+02 8.103974e+02
-3.514847e-04 7.320491e+02 2.934842e+02 8.103974e+02
-3.248693e-04 7.320490e+02 2.934842e+02 8.103974e+02
-3.011748e-04 7.320490e+02 2.934842e+02 8.103973e+02
-2.800491e-04 7.320490e+02 2.934842e+02 8.103973e+02
-2.612498e-04 7.320490e+02 2.934842e+02 8.103973e+02
-2.446068e-04 7.320490e+02 2.934842e+02 8.103973e+02
-2.299928e-04 7.320489e+02 2.934842e+02 8.103973e+02
-2.173045e-04 7.320489e+02 2.934842e+02 8.103972e+02
-2.064497e-04 7.320489e+02 2.934842e+02 8.103972e+02
-1.973410e-04 7.320489e+02 2.934842e+02 8.103972e+02
-1.898944e-04 7.320489e+02 2.934842e+02 8.103972e+02
-1.840293e-04 7.320489e+02 2.934841e+02 8.103972e+02
-1.796708e-04 7.320489e+02 2.934841e+02 8.103972e+02
-1.767521e-04 7.320489e+02 2.934841e+02 8.103972e+02
-1.752179e-04 7.320489e+02 2.934841e+02 8.103972e+02
-1.750272e-04 7.320489e+02 2.934841e+02 8.103972e+02
-1.761560e-04 7.320489e+02 2.934841e+02 8.103972e+02
-1.786015e-04 7.320489e+02 2.934841e+02 8.103972e+02
-1.823850e-04 7.320489e+02 2.934841e+02 8.103972e+02
-1.875579e-04 7.320489e+02 2.934841e+02 8.103972e+02
-1.942077e-04 7.320489e+02 2.934842e+02 8.103972e+02
-2.024678e-04 7.320489e+02 2.934842e+02 8.103972e+02
-2.125303e-04 7.320489e+02 2.934842e+02 8.103972e+02
-2.246653e-04 7.320489e+02 2.934842e+02 8.103972e+02
-2.392475e-04 7.320489e+02 2.934842e+02 8.103972e+02
-2.567953e-04 7.320490e+02 2.934842e+02 8.103973e+02
-2.780277e-04 7.320490e+02 2.934842e+02 8.103973e+02
-3.039476e-04 7.320490e+02 2.934842e+02 8.103973e+02
-3.359647e-04 7.320490e+02 2.934842e+02 8.103973e+02
-3.760809e-04 7.320491e+02 2.934842e+02 8.103974e+02
-4.271707e-04 7.320491e+02 2.934842e+02 8.103974e+02
-4.934131e-04 7.320492e+02 2.934843e+02 8.103975e+02
-5.809689e-04 7.320492e+02 2.934843e+02 8.103976e+02
-6.990588e-04 7.320493e+02 2.934843e+02 8.103977e+02
-8.617164e-04 7.320495e+02 2.934844e+02 8.103978e+02
-1.090698e-03 7.320497e+02 2.934845e+02 8.103981e+02
-1.420426e-03 7.320499e+02 2.934846e+02 8.103984e+02
-1.906601e-03 7.320503e+02 2.934847e+02 8.103988e+02
-2.641616e-03 7.320509e+02 2.934850e+02 8.103994e+02
-3.782980e-03 7.320518e+02 2.934853e+02 8.104004e+02
-5.607428e-03 7.320533e+02 2.934859e+02 8.104020e+02
-8.617551e-03 7.320556e+02 2.934868e+02 8.104046e+02
-1.375978e-02 7.320594e+02 2.934884e+02 8.104089e+02
-2.288735e-02 7.320661e+02 2.934911e+02 8.104163e+02
-3.978086e-02 7.320783e+02 2.934959e+02 8.104297e+02
-7.246876e-02 7.321012e+02 2.935051e+02 8.104551e+02
-1.385482e-01 7.321464e+02 2.935233e+02 8.105052e+02
-2.765347e-01 7.322396e+02 2.935606e+02 8.106083e+02
-5.591098e-01 7.324356e+02 2.936392e+02 8.108252e+02
-9.704030e-01 7.328187e+02 2.937928e+02 8.112493e+02
4.019665e-01 7.330801e+02 2.938976e+02 8.115387e+02
4.384319e-01 7.303188e+02 2.927906e+02 8.084820e+02
-9.710978e-01 7.331121e+02 2.939104e+02 8.115742e+02
-5.585739e-01 7.328522e+02 2.938062e+02 8.112865e+02
-2.755224e-01 7.324679e+02 2.936521e+02 8.108611e+02
-1.377340e-01 7.322720e+02 2.935736e+02 8.106442e+02
-7.191804e-02 7.321791e+02 2.935364e+02 8.105414e+02
-3.942462e-02 7.321341e+02 2.935183e+02 8.104915e+02
-2.265648e-02 7.321114e+02 2.935092e+02 8.104663e+02
-1.360617e-02 7.320993e+02 2.935044e+02 8.104530e+02
-8.510653e-03 7.320927e+02 2.935017e+02 8.104456e+02
-5.528285e-03 7.320888e+02 2.935002e+02 8.104414e+02
-3.719797e-03 7.320865e+02 2.934992e+02 8.104389e+02
-2.586969e-03 7.320851e+02 2.934987e+02 8.104373e+02
-1.855763e-03 7.320842e+02 2.934983e+02 8.104363e+02
-1.370367e-03 7.320836e+02 2.934981e+02 8.104357e+02
-1.039486e-03 7.320832e+02 2.934979e+02 8.104352e+02
-8.081485e-04 7.320830e+02 2.934978e+02 8.104349e+02
-6.424289e-04 7.320828e+02 2.934977e+02 8.104347e+02
-5.209129e-04 7.320826e+02 2.934977e+02 8.104345e+02
-4.298029e-04 7.320825e+02 2.934976e+02 8.104344e+02
-3.600382e-04 7.320825e+02 2.934976e+02 8.104343e+02
-3.055611e-04 7.320824e+02 2.934976e+02 8.104343e+02
-2.622519e-04 7.320823e+02 2.934976e+02 8.104342e+02
-2.272615e-04 7.320823e+02 2.934975e+02 8.104342e+02
-1.985868e-04 7.320823e+02 2.934975e+02 8.104341e+02
-1.747956e-04 7.320822e+02 2.934975e+02 8.104341e+02
-1.548469e-04 7.320822e+02 2.934975e+02 8.104341e+02
-1.379706e-04 7.320822e+02 2.934975e+02 8.104341e+02
-1.235874e-04 7.320822e+02 2.934975e+02 8.104341e+02
-1.112540e-04 7.320822e+02 2.934975e+02 8.104340e+02
-1.006256e-04 7.320822e+02 2.934975e+02 8.104340e+02
-9.142986e-05 7.320822e+02 2.934975e+02 8.104340e+02
-8.344826e-05 7.320822e+02 2.934975e+02 8.104340e+02
-7.650344e-05 7.320821e+02 2.934975e+02 8.104340e+02
-7.044957e-05 7.320821e+02 2.934975e+02 8.104340e+02
-6.516560e-05 7.320821e+02 2.934975e+02 8.104340e+02
-6.055011e-05 7.320821e+02 2.934975e+02 8.104340e+02
-5.651752e-05 7.320821e+02 2.934975e+02 8.104340e+02
-5.299518e-05 7.320821e+02 2.934975e+02 8.104340e+02
-4.992105e-05 7.320821e+02 2.934975e+02 8.104340e+02
-4.724197e-05 7.320821e+02 2.934975e+02 8.104340e+02
-4.491219e-05 7.320821e+02 2.934975e+02 8.104340e+02
-4.289220e-05 7.320821e+02 2.934975e+02 8.104340e+02
-4.114783e-05 7.320821e+02 2.934975e+02 8.104340e+02
-3.964939e-05 7.320821e+02 2.934975e+02 8.104340e+02
-3.837106e-05 7.320821e+02 2.934975e+02 8.104340e+02
-3.729029e-05 7.320821e+02 2.934975e+02 8.104340e+02
-3.638734e-05 7.320821e+02 2.934975e+02 8.104340e+02
-3.564485e-05 7.320821e+02 2.934975e+02 8.104340e+02
-3.504751e-05 7.320821e+02 2.934975e+02 8.104339e+02
-3.458172e-05 7.320821e+02 2.934975e+02 8.104339e+02
-3.423536e-05 7.320821e+02 2.934975e+02 8.104339e+02
-3.399751e-05 7.320821e+02 2.934975e+02 8.104339e+02
-3.385828e-05 7.320821e+02 2.934975e+02 8.104339e+02
-3.380860e-05 7.320821e+02 2.934975e+02 8.104339e+02
-3.384010e-05 7.320821e+02 2.934975e+02 8.104339e+02
-3.394497e-05 7.320821e+02 2.934975e+02 8.104339e+02
-3.411579e-05 7.320821e+02 2.934975e+02 8.104339e+02
-3.434552e-05 7.320821e+02 2.934975e+02 8.104339e+02
-3.462737e-05 7.320821e+02 2.934975e+02 8.104339e+02
-3.495473e-05 7.320821e+02 2.934975e+02 8.104339e+02
-3.532116e-05 7.320821e+02 2.934975e+02 8.104339e+02
-3.572035e-05 7.320821e+02 2.934975e+02 8.104340e+02
-3.614612e-05 7.320821e+02 2.934975e+02 8.104340e+02
-3.659242e-05 7.320821e+02 2.934975e+02 8.104340e+02
-3.705335e-05 7.320821e+02 2.934975e+02 8.104340e+02
-3.752320e-05 7.320821e+02 2.934975e+02 8.104340e+02
-3.799653e-05 7.320821e+02 2.934975e+02 8.104340e+02
-3.846820e-05 7.320821e+02 2.934975e+02 8.104340e+02
-3.893347e-05 7.320821e+02 2.934975e+02 8.104340e+02
-3.938807e-05 7.320821e+02 2.934975e+02 8.104340e+02
-3.982825e-05 7.320821e+02 2.934975e+02 8.104340e+02
-4.025090e-05 7.320821e+02 2.934975e+02 8.104340e+02
-4.065363e-05 7.320821e+02 2.934975e+02 8.104340e+02
-4.103475e-05 7.320821e+02 2.934975e+02 8.104340e+02
-4.139340e-05 7.320821e+02 2.934975e+02 8.104340e+02
-4.172956e-05 7.320821e+02 2.934975e+02 8.104340e+02
-4.204400e-05 7.320821e+02 2.934975e+02 8.104340e+02
-4.233838e-05 7.320821e+02 2.934975e+02 8.104340e+02
-4.261513e-05 7.320821e+02 2.934975e+02 8.104340e+02
-4.287747e-05 7.320821e+02 2.934975e+02 8.104340e+02
-4.312933e-05 7.320821e+02 2.934975e+02 8.104340e+02
-4.337536e-05 7.320821e+02 2.934975e+02 8.104340e+02
-4.362083e-05 7.320821e+02 2.934975e+02 8.104340e+02
-4.387161e-05 7.320821e+02 2.934975e+02 8.104340e+02
-4.413420e-05 7.320821e+02 2.934975e+02 8.104340e+02
-4.441569e-05 7.320821e+02 2.934975e+02 8.104340e+02
-4.472387e-05 7.320821e+02 2.934975e+02 8.104340e+02
-4.506729e-05 7.320821e+02 2.934975e+02 8.104340e+02
-4.545546e-05 7.320821e+02 2.934975e+02 8.104340e+02
-4.589911e-05 7.320821e+02 2.934975e+02 8.104340e+02
-4.641049e-05 7.320821e+02 2.934975e+02 8.104340e+02
-4.700388e-05 7.320821e+02 2.934975e+02 8.104340e+02
-4.769621e-05 7.320821e+02 2.934975e+02 8.104340e+02
-4.850789e-05 7.320821e+02 2.934975e+02 8.104340e+02
-4.946393e-05 7.320821e+02 2.934975e+02 8.104340e+02
-5.059534e-05 7.320821e+02 2.934975e+02 8.104340e+02
-5.194113e-05 7.320821e+02 2.934975e+02 8.104340e+02
-5.355085e-05 7.320821e+02 2.934975e+02 8.104340e+02
-5.548803e-05 7.320821e+02 2.934975e+02 8.104340e+02
-5.783488e-05 7.320821e+02 2.934975e+02 8.104340e+02
-6.069861e-05 7.320821e+02 2.934975e+02 8.104340e+02
-6.422013e-05 7.320821e+02 2.934975e+02 8.104340e+02
-6.858607e-05 7.320821e+02 2.934975e+02 8.104340e+02
-7.404548e-05 7.320821e+02 2.934975e+02 8.104340e+02
-8.093327e-05 7.320821e+02 2.934975e+02 8.104340e+02
-8.970330e-05 7.320821e+02 2.934975e+02 8.104340e+02
-1.009754e-04 7.320822e+02 2.934975e+02 8.104340e+02
-1.156030e-04 7.320822e+02 2.934975e+02 8.104340e+02
-1.347697e-04 7.320822e+02 2.934975e+02 8.104340e+02
-1.601304e-04 7.320822e+02 2.934975e+02 8.104341e+02
-1.940151e-04 7.320822e+02 2.934975e+02 8.104341e+02
-2.397265e-04 7.320823e+02 2.934975e+02 8.104341e+02
-3.019716e-04 7.320823e+02 2.934976e+02 8.104342e+02
-3.874855e-04 7.320824e+02 2.934976e+02 8.104343e+02
-5.059206e-04 7.320825e+02 2.934976e+02 8.104344e+02
-6.710819e-04 7.320826e+02 2.934977e+02 8.104346e+02
-9.025730e-04 7.320828e+02 2.934978e+02 8.104348e+02
-1.227815e-03 7.320831e+02 2.934979e+02 8.104351e+02
-1.684137e-03 7.320835e+02 2.934980e+02 8.104355e+02
-2.320046e-03 7.320840e+02 2.934982e+02 8.104361e+02
-3.193654e-03 7.320848e+02 2.934985e+02 8.104369e+02
-4.364629e-03 7.320858e+02 2.934989e+02 8.104380e+02
-5.874547e-03 7.320871e+02 2.934995e+02 8.104395e+02
-7.711782e-03 7.320888e+02 2.935001e+02 8.104414e+02
-9.765411e-03 7.320908e+02 2.935009e+02 8.104436e+02
-1.179083e-02 7.320929e+02 2.935018e+02 8.104459e+02
-1.342834e-02 7.320948e+02 2.935025e+02 8.104480e+02
-1.430573e-02 7.320961e+02 2.935031e+02 8.104494e+02
-1.419637e-02 7.320965e+02 2.935032e+02 8.104499e+02
-1.313387e-02 7.320959e+02 2.935030e+02 8.104492e+02
-1.139460e-02 7.320944e+02 2.935024e+02 8.104476e+02
-9.362119e-03 7.320925e+02 2.935016e+02 8.104454e+02
-7.375418e-03 7.320904e+02 2.935008e+02 8.104431e+02
-5.646796e-03 7.320885e+02 2.935000e+02 8.104411e+02
-4.259958e-03 7.320870e+02 2.934994e+02 8.104393e+02
-3.210409e-03 7.320857e+02 2.934989e+02 8.104380e+02
-2.450076e-03 7.320849e+02 2.934986e+02 8.104370e+02
-1.918543e-03 7.320842e+02 2.934983e+02 8.104363e+02
-1.559307e-03 7.320838e+02 2.934981e+02 8.104358e+02
-1.325716e-03 7.320835e+02 2.934980e+02 8.104355e+02
-1.181476e-03 7.320833e+02 2.934979e+02 8.104353e+02
-1.098992e-03 7.320832e+02 2.934979e+02 8.104352e+02
-1.057266e-03 7.320831e+02 2.934979e+02 8.104351e+02
-1.040117e-03 7.320831e+02 2.934979e+02 8.104351e+02
-1.034934e-03 7.320831e+02 2.934979e+02 8.104351e+02
-1.031961e-03 7.320831e+02 2.934979e+02 8.104351e+02
-1.023963e-03 7.320831e+02 2.934979e+02 8.104351e+02
-1.006100e-03 7.320831e+02 2.934979e+02 8.104350e+02
-9.758297e-04 7.320831e+02 2.934978e+02 8.104350e+02
-9.326999e-04 7.320830e+02 2.934978e+02 8.104350e+02
-8.779898e-04 7.320830e+02 2.934978e+02 8.104349e+02
-8.142050e-04 7.320829e+02 2.934978e+02 8.104348e+02
