#E_pot  E_kin  T  P
-3.261071e-04 7.243388e+02 2.903931e+02 8.018619e+02
-2.987125e-04 7.594487e+02 3.044689e+02 8.407295e+02
-2.670077e-04 7.716897e+02 3.093765e+02 8.542806e+02
-2.364743e-04 7.837347e+02 3.142054e+02 8.676148e+02
-2.097876e-04 7.900731e+02 3.167465e+02 8.746315e+02
-1.919792e-04 7.548799e+02 3.026373e+02 8.356717e+02
-1.824539e-04 7.531670e+02 3.019506e+02 8.337755e+02
-1.786175e-04 7.518384e+02 3.014179e+02 8.323047e+02
-1.783174e-04 7.638191e+02 3.062211e+02 8.455676e+02
-1.775396e-04 7.723876e+02 3.096562e+02 8.550532e+02
-1.736709e-04 7.819871e+02 3.135048e+02 8.656801e+02
-1.701482e-04 7.821880e+02 3.135853e+02 8.659025e+02
-1.698802e-04 7.666556e+02 3.073583e+02 8.487077e+02
-1.712733e-04 8.003497e+02 3.208665e+02 8.860080e+02
-1.710777e-04 7.695856e+02 3.085329e+02 8.519513e+02
-1.654481e-04 7.231532e+02 2.899178e+02 8.005495e+02
-1.543625e-04 6.898033e+02 2.765476e+02 7.636303e+02
-1.437601e-04 7.140273e+02 2.862592e+02 7.904468e+02
-1.339153e-04 7.113325e+02 2.851788e+02 7.874636e+02
-1.227039e-04 7.038890e+02 2.821946e+02 7.792234e+02
-1.112465e-04 6.972878e+02 2.795482e+02 7.719158e+02
-1.004624e-04 7.299912e+02 2.926592e+02 8.081192e+02
-9.186520e-05 7.274991e+02 2.916601e+02 8.053605e+02
-8.639269e-05 7.353534e+02 2.948089e+02 8.140553e+02
-8.124843e-05 7.542804e+02 3.023970e+02 8.350081e+02
-7.543107e-05 7.619491e+02 3.054714e+02 8.434975e+02
-7.118170e-05 7.747948e+02 3.106213e+02 8.577181e+02
-6.876144e-05 7.536703e+02 3.021523e+02 8.343326e+02
-6.806606e-05 7.254265e+02 2.908292e+02 8.030661e+02
-6.880026e-05 7.056250e+02 2.828906e+02 7.811453e+02
-6.972740e-05 6.810824e+02 2.730513e+02 7.539759e+02
-7.079101e-05 6.955923e+02 2.788684e+02 7.700388e+02
-7.213240e-05 7.349552e+02 2.946493e+02 8.136145e+02
-7.397179e-05 7.244081e+02 2.904209e+02 8.019386e+02
-7.619401e-05 7.409968e+02 2.970714e+02 8.203027e+02
-7.793592e-05 7.141771e+02 2.863192e+02 7.906127e+02
-7.899782e-05 7.356648e+02 2.949338e+02 8.144001e+02
-7.992182e-05 7.428175e+02 2.978014e+02 8.223184e+02
-8.180314e-05 7.255011e+02 2.908591e+02 8.031486e+02
-8.467123e-05 7.395799e+02 2.965034e+02 8.187342e+02
-8.756358e-05 7.068183e+02 2.833690e+02 7.824663e+02
-8.958516e-05 7.060706e+02 2.830693e+02 7.816386e+02
-8.866733e-05 7.158152e+02 2.869759e+02 7.924261e+02
-8.707111e-05 6.887770e+02 2.761361e+02 7.624941e+02
-8.599024e-05 7.422216e+02 2.975625e+02 8.216586e+02
-8.414717e-05 7.251201e+02 2.907063e+02 8.027268e+02
-8.296907e-05 6.776571e+02 2.716780e+02 7.501840e+02
-8.274726e-05 6.789828e+02 2.722095e+02 7.516517e+02
-8.348929e-05 6.390995e+02 2.562200e+02 7.074998e+02
-8.509179e-05 6.628080e+02 2.657249e+02 7.337457e+02
-8.530177e-05 6.740117e+02 2.702166e+02 7.461485e+02
-8.540709e-05 6.981547e+02 2.798957e+02 7.728755e+02
-8.833133e-05 6.881460e+02 2.758831e+02 7.617955e+02
-9.058604e-05 7.446321e+02 2.985288e+02 8.243271e+02
-9.021437e-05 7.376211e+02 2.957181e+02 8.165658e+02
-8.849106e-05 7.433459e+02 2.980132e+02 8.229033e+02
-8.595392e-05 7.257497e+02 2.909588e+02 8.034238e+02
-8.482544e-05 7.272307e+02 2.915525e+02 8.050633e+02
-8.503105e-05 7.400610e+02 2.966963e+02 8.192668e+02
-8.541590e-05 8.123386e+02 3.256729e+02 8.992799e+02
-8.624736e-05 7.763553e+02 3.112469e+02 8.594455e+02
-8.798776e-05 7.386521e+02 2.961314e+02 8.177071e+02
-9.018125e-05 7.482714e+02 2.999879e+02 8.283559e+02
-9.334178e-05 7.454855e+02 2.988710e+02 8.252718e+02
-9.839930e-05 7.547142e+02 3.025709e+02 8.354883e+02
-1.056451e-04 7.588631e+02 3.042342e+02 8.400812e+02
-1.162989e-04 7.027135e+02 2.817234e+02 7.779221e+02
-1.266099e-04 7.102622e+02 2.847497e+02 7.862787e+02
-1.306143e-04 7.025233e+02 2.816471e+02 7.777115e+02
-1.350551e-04 7.635548e+02 3.061151e+02 8.452751e+02
-1.416879e-04 7.645758e+02 3.065244e+02 8.464053e+02
-1.469903e-04 7.866299e+02 3.153661e+02 8.708198e+02
-1.532722e-04 7.449162e+02 2.986427e+02 8.246416e+02
-1.638331e-04 7.576328e+02 3.037410e+02 8.387193e+02
-1.824549e-04 7.434457e+02 2.980532e+02 8.230138e+02
-2.085068e-04 7.703423e+02 3.088363e+02 8.527890e+02
-2.363091e-04 7.590315e+02 3.043017e+02 8.402676e+02
-2.691634e-04 7.492450e+02 3.003782e+02 8.294338e+02
-3.169703e-04 7.584264e+02 3.040591e+02 8.395978e+02
-3.809069e-04 8.027991e+02 3.218485e+02 8.887196e+02
-4.686241e-04 8.375327e+02 3.357734e+02 9.271705e+02
-5.939870e-04 8.069770e+02 3.235234e+02 8.933446e+02
-7.633697e-04 7.921064e+02 3.175617e+02 8.768824e+02
-9.763083e-04 7.817434e+02 3.134071e+02 8.654103e+02
-1.223778e-03 7.845503e+02 3.145324e+02 8.685176e+02
-1.532603e-03 7.696595e+02 3.085625e+02 8.520331e+02
-1.790810e-03 7.787681e+02 3.122142e+02 8.621165e+02
-1.950523e-03 8.452599e+02 3.388713e+02 9.357247e+02
-2.083946e-03 8.391519e+02 3.364226e+02 9.289630e+02
-2.169988e-03 8.299795e+02 3.327453e+02 9.188090e+02
-2.122444e-03 8.254196e+02 3.309172e+02 9.137609e+02
-1.985997e-03 8.409474e+02 3.371424e+02 9.309507e+02
-1.864154e-03 7.987215e+02 3.202137e+02 8.842055e+02
-1.747528e-03 7.713611e+02 3.092447e+02 8.539168e+02
-1.646074e-03 7.900067e+02 3.167199e+02 8.745580e+02
-1.508401e-03 7.943905e+02 3.184774e+02 8.794109e+02
-1.404453e-03 7.668501e+02 3.074362e+02 8.489231e+02
-1.282907e-03 7.838484e+02 3.142510e+02 8.677406e+02
-1.116667e-03 7.796651e+02 3.125738e+02 8.631095e+02
-9.803333e-04 7.800651e+02 3.127342e+02 8.635524e+02
-8.621631e-04 8.451528e+02 3.388284e+02 9.356062e+02
-7.923285e-04 8.125254e+02 3.257478e+02 8.994868e+02
-7.726185e-04 7.703077e+02 3.088224e+02 8.527506e+02
-7.508144e-04 7.946275e+02 3.185724e+02 8.796733e+02
-7.260728e-04 7.867210e+02 3.154026e+02 8.709206e+02
-7.225344e-04 8.028299e+02 3.218608e+02 8.887536e+02
-7.331268e-04 8.017316e+02 3.214205e+02 8.875377e+02
-7.900487e-04 8.104366e+02 3.249104e+02 8.971744e+02
-9.075833e-04 7.780512e+02 3.119268e+02 8.613230e+02
-1.032858e-03 8.067261e+02 3.234228e+02 8.930668e+02
-1.164238e-03 7.893863e+02 3.164712e+02 8.738712e+02
-1.356489e-03 7.697625e+02 3.086038e+02 8.521471e+02
-1.574384e-03 7.655034e+02 3.068963e+02 8.474322e+02
-1.644607e-03 6.960475e+02 2.790509e+02 7.705427e+02
-1.631307e-03 6.910434e+02 2.770447e+02 7.650030e+02
-1.673455e-03 7.047592e+02 2.825435e+02 7.801868e+02
-1.757540e-03 6.997808e+02 2.805476e+02 7.746756e+02
-1.918315e-03 6.876563e+02 2.756868e+02 7.612535e+02
-2.150652e-03 7.141761e+02 2.863188e+02 7.906115e+02
-2.389778e-03 7.124209e+02 2.856151e+02 7.886685e+02
-2.552647e-03 7.095394e+02 2.844599e+02 7.854786e+02
-2.570830e-03 6.829164e+02 2.737866e+02 7.560063e+02
-2.592439e-03 6.680447e+02 2.678244e+02 7.395429e+02
-2.501413e-03 7.057561e+02 2.829432e+02 7.812904e+02
-2.312269e-03 7.074590e+02 2.836258e+02 7.831755e+02
-2.140947e-03 7.162811e+02 2.871627e+02 7.929418e+02
-1.829283e-03 6.969851e+02 2.794268e+02 7.715807e+02
-1.459300e-03 6.738467e+02 2.701504e+02 7.459659e+02
-1.136049e-03 6.817257e+02 2.733092e+02 7.546881e+02
-8.487189e-04 7.274394e+02 2.916362e+02 8.052943e+02
-6.455353e-04 7.325339e+02 2.936786e+02 8.109341e+02
-5.382219e-04 6.697627e+02 2.685131e+02 7.414448e+02
-4.724491e-04 7.004203e+02 2.808040e+02 7.753836e+02
-4.179839e-04 7.000124e+02 2.806405e+02 7.749320e+02
-3.657566e-04 6.967459e+02 2.793309e+02 7.713159e+02
-3.240205e-04 7.187397e+02 2.881484e+02 7.956636e+02
-3.018127e-04 7.347389e+02 2.945626e+02 8.133751e+02
-2.855931e-04 6.966270e+02 2.792832e+02 7.711842e+02
-2.722871e-04 7.153499e+02 2.867894e+02 7.919110e+02
-2.664864e-04 7.281733e+02 2.919304e+02 8.061069e+02
-2.707048e-04 7.518348e+02 3.014165e+02 8.323008e+02
-2.891559e-04 7.601469e+02 3.047489e+02 8.415024e+02
-3.196957e-04 8.024168e+02 3.216952e+02 8.882963e+02
-3.695860e-04 7.870128e+02 3.155196e+02 8.712437e+02
-4.513704e-04 7.811003e+02 3.131492e+02 8.646984e+02
-5.716174e-04 7.415121e+02 2.972780e+02 8.208732e+02
-7.455664e-04 7.150984e+02 2.866886e+02 7.916326e+02
-9.953797e-04 7.279457e+02 2.918391e+02 8.058548e+02
-1.387601e-03 7.160526e+02 2.870711e+02 7.926889e+02
-1.835797e-03 7.287173e+02 2.921485e+02 8.067090e+02
-2.061773e-03 7.489228e+02 3.002490e+02 8.290770e+02
-2.209075e-03 7.605401e+02 3.049065e+02 8.419377e+02
-2.352117e-03 7.343280e+02 2.943979e+02 8.129202e+02
-2.477426e-03 7.091796e+02 2.843157e+02 7.850803e+02
-2.612621e-03 7.416583e+02 2.973366e+02 8.210351e+02
-2.660538e-03 7.290650e+02 2.922879e+02 8.070940e+02
-2.640441e-03 7.219507e+02 2.894357e+02 7.992182e+02
-2.521812e-03 7.152135e+02 2.867347e+02 7.917599e+02
-2.426692e-03 7.709364e+02 3.090744e+02 8.534466e+02
-2.397964e-03 7.752923e+02 3.108208e+02 8.582687e+02
-2.473148e-03 7.194616e+02 2.884378e+02 7.964627e+02
-2.907572e-03 7.033378e+02 2.819736e+02 7.786133e+02
-3.593819e-03 7.291573e+02 2.923249e+02 8.071961e+02
-4.370744e-03 7.084169e+02 2.840099e+02 7.842360e+02
-5.406575e-03 7.007441e+02 2.809338e+02 7.757419e+02
-6.978976e-03 7.224833e+02 2.896492e+02 7.998079e+02
-8.820254e-03 7.085421e+02 2.840601e+02 7.843745e+02
-1.081807e-02 7.254115e+02 2.908232e+02 8.030494e+02
-1.457398e-02 6.868783e+02 2.753749e+02 7.603922e+02
-2.026187e-02 7.358647e+02 2.950139e+02 8.146214e+02
-2.608543e-02 7.216618e+02 2.893199e+02 7.988984e+02
-3.174338e-02 7.375051e+02 2.956716e+02 8.164373e+02
-3.197946e-02 7.363588e+02 2.952120e+02 8.151684e+02
-2.514382e-02 7.383171e+02 2.959971e+02 8.173362e+02
-1.689456e-02 7.558936e+02 3.030437e+02 8.367939e+02
-1.144239e-02 7.640469e+02 3.063124e+02 8.458198e+02
-8.312672e-03 7.272661e+02 2.915667e+02 8.051025e+02
-6.348699e-03 7.457467e+02 2.989757e+02 8.255610e+02
-4.897336e-03 8.238854e+02 3.303021e+02 9.120626e+02
-3.713814e-03 7.958668e+02 3.190692e+02 8.810452e+02
-3.093220e-03 8.044593e+02 3.225141e+02 8.905574e+02
-2.599496e-03 8.604529e+02 3.449623e+02 9.525437e+02
-2.133520e-03 8.470607e+02 3.395933e+02 9.377183e+02
-1.832139e-03 8.521742e+02 3.416433e+02 9.433791e+02
-1.719359e-03 8.260566e+02 3.311726e+02 9.144661e+02
-1.739382e-03 7.963353e+02 3.192571e+02 8.815639e+02
-1.637363e-03 7.740916e+02 3.103394e+02 8.569396e+02
-1.499503e-03 7.695850e+02 3.085326e+02 8.519506e+02
-1.437274e-03 7.039131e+02 2.822043e+02 7.792501e+02
-1.444612e-03 7.707871e+02 3.090146e+02 8.532814e+02
-1.523569e-03 7.855809e+02 3.149456e+02 8.696585e+02
-1.563754e-03 7.676414e+02 3.077535e+02 8.497990e+02
-1.601646e-03 7.849806e+02 3.147049e+02 8.689939e+02
-1.709761e-03 8.182148e+02 3.280287e+02 9.057851e+02
-1.962007e-03 7.789945e+02 3.123050e+02 8.623672e+02
-2.406675e-03 7.514372e+02 3.012571e+02 8.318605e+02
-3.223951e-03 7.334255e+02 2.940360e+02 8.119211e+02
-4.557559e-03 7.168714e+02 2.873994e+02 7.935953e+02
-6.521433e-03 7.664742e+02 3.072855e+02 8.485069e+02
-9.299327e-03 7.927074e+02 3.178026e+02 8.775477e+02
-1.193236e-02 7.713481e+02 3.092395e+02 8.539025e+02
-1.478267e-02 7.386065e+02 2.961132e+02 8.176567e+02
-1.969642e-02 7.638134e+02 3.062188e+02 8.455613e+02
-2.637941e-02 7.864504e+02 3.152942e+02 8.706211e+02
-3.527018e-02 8.043631e+02 3.224755e+02 8.904509e+02
-4.336466e-02 7.860888e+02 3.151492e+02 8.702208e+02
-4.803809e-02 7.532553e+02 3.019860e+02 8.338732e+02
-5.046476e-02 7.632459e+02 3.059913e+02 8.449331e+02
-4.487114e-02 7.524182e+02 3.016503e+02 8.329465e+02
-3.424631e-02 7.551065e+02 3.027281e+02 8.359226e+02
-2.698141e-02 7.554719e+02 3.028746e+02 8.363271e+02
-2.356234e-02 7.868642e+02 3.154600e+02 8.710792e+02
-2.047149e-02 7.871249e+02 3.155645e+02 8.713678e+02
-1.824645e-02 7.721720e+02 3.095698e+02 8.548145e+02
-1.813161e-02 8.150289e+02 3.267515e+02 9.022582e+02
-1.920441e-02 8.385887e+02 3.361968e+02 9.283396e+02
-2.094785e-02 8.432074e+02 3.380485e+02 9.334526e+02
-2.488036e-02 8.520053e+02 3.415756e+02 9.431921e+02
-3.030583e-02 8.923509e+02 3.577505e+02 9.878557e+02
-3.495376e-02 8.952968e+02 3.589315e+02 9.911169e+02
-4.045874e-02 8.547954e+02 3.426942e+02 9.462808e+02
-4.970080e-02 8.123029e+02 3.256586e+02 8.992405e+02
-6.090505e-02 8.636475e+02 3.462430e+02 9.560802e+02
-5.894431e-02 8.364635e+02 3.353448e+02 9.259869e+02
-4.143089e-02 8.354072e+02 3.349213e+02 9.248176e+02
-2.613160e-02 8.614862e+02 3.453766e+02 9.536876e+02
-1.685046e-02 8.519609e+02 3.415578e+02 9.431429e+02
-1.153597e-02 8.475072e+02 3.397723e+02 9.382126e+02
-8.331821e-03 8.630670e+02 3.460103e+02 9.554377e+02
-5.645494e-03 8.510669e+02 3.411994e+02 9.421532e+02
-3.620994e-03 8.142271e+02 3.264301e+02 9.013706e+02
-2.300309e-03 8.044077e+02 3.224933e+02 8.905002e+02
-1.510531e-03 8.361521e+02 3.352199e+02 9.256422e+02
-1.110092e-03 8.137187e+02 3.262262e+02 9.008078e+02
-8.833769e-04 7.938055e+02 3.182429e+02 8.787634e+02
-7.400523e-04 8.175765e+02 3.277728e+02 9.050785e+02
-6.680822e-04 7.893089e+02 3.164402e+02 8.737856e+02
-6.145897e-04 7.849307e+02 3.146849e+02 8.689387e+02
-5.386474e-04 7.943755e+02 3.184714e+02 8.793943e+02
-4.742157e-04 7.943177e+02 3.184482e+02 8.793304e+02
-4.326856e-04 7.792469e+02 3.124062e+02 8.626466e+02
-4.015657e-04 7.602383e+02 3.047855e+02 8.416036e+02
-3.770463e-04 7.513814e+02 3.012347e+02 8.317988e+02
-3.584451e-04 7.571877e+02 3.035625e+02 8.382265e+02
-3.438451e-04 7.325881e+02 2.937003e+02 8.109941e+02
-3.244332e-04 7.332664e+02 2.939722e+02 8.117450e+02
-2.969151e-04 7.248910e+02 2.906145e+02 8.024732e+02
-2.674614e-04 7.703565e+02 3.088420e+02 8.528047e+02
-2.432172e-04 7.961834e+02 3.191962e+02 8.813957e+02
-2.237333e-04 8.162951e+02 3.272591e+02 9.036600e+02
-2.098007e-04 7.945660e+02 3.185477e+02 8.796052e+02
-1.998043e-04 7.882186e+02 3.160030e+02 8.725785e+02
-1.932744e-04 7.833853e+02 3.140653e+02 8.672279e+02
-1.939804e-04 7.910901e+02 3.171542e+02 8.757573e+02
-1.977782e-04 7.625466e+02 3.057109e+02 8.441590e+02
-1.969907e-04 7.444683e+02 2.984632e+02 8.241458e+02
-1.953487e-04 7.771793e+02 3.115773e+02 8.603577e+02
-1.955340e-04 7.514181e+02 3.012494e+02 8.318394e+02
-1.934607e-04 7.260821e+02 2.910920e+02 8.037918e+02
-1.906238e-04 7.245242e+02 2.904674e+02 8.020671e+02
-1.886962e-04 7.115690e+02 2.852736e+02 7.877254e+02
-1.872131e-04 7.192305e+02 2.883452e+02 7.962069e+02
-1.870723e-04 7.144454e+02 2.864268e+02 7.909096e+02
-1.847841e-04 7.328828e+02 2.938185e+02 8.113203e+02
-1.777140e-04 7.417600e+02 2.973774e+02 8.211476e+02
-1.695874e-04 7.093661e+02 2.843904e+02 7.852867e+02
-1.620745e-04 7.612916e+02 3.052078e+02 8.427696e+02
-1.571331e-04 7.636961e+02 3.061718e+02 8.454314e+02
-1.549657e-04 7.830317e+02 3.139236e+02 8.668365e+02
-1.502418e-04 8.118794e+02 3.254888e+02 8.987717e+02
-1.415706e-04 7.866504e+02 3.153743e+02 8.708425e+02
-1.360797e-04 7.697968e+02 3.086176e+02 8.521851e+02
-1.374598e-04 7.858968e+02 3.150722e+02 8.700082e+02
-1.390160e-04 7.511371e+02 3.011367e+02 8.315283e+02
-1.383583e-04 7.514503e+02 3.012623e+02 8.318750e+02
-1.399161e-04 7.301673e+02 2.927298e+02 8.083142e+02
-1.407510e-04 7.325267e+02 2.936757e+02 8.109262e+02
-1.403900e-04 7.064023e+02 2.832022e+02 7.820057e+02
-1.413238e-04 7.259443e+02 2.910368e+02 8.036392e+02
-1.429645e-04 7.376863e+02 2.957442e+02 8.166380e+02
-1.443945e-04 7.536829e+02 3.021574e+02 8.343466e+02
-1.492958e-04 7.555571e+02 3.029088e+02 8.364214e+02
-1.620306e-04 7.582232e+02 3.039776e+02 8.393728e+02
-1.810940e-04 7.590173e+02 3.042960e+02 8.402520e+02
-2.050796e-04 7.835503e+02 3.141315e+02 8.674106e+02
-2.306458e-04 7.455994e+02 2.989166e+02 8.253979e+02
-2.693945e-04 7.492405e+02 3.003764e+02 8.294287e+02
-3.352253e-04 7.545818e+02 3.025178e+02 8.353417e+02
-4.280841e-04 7.366635e+02 2.953342e+02 8.155056e+02
-5.530533e-04 7.037452e+02 2.821370e+02 7.790643e+02
-7.104620e-04 7.563198e+02 3.032146e+02 8.372657e+02
-8.910585e-04 7.716572e+02 3.093634e+02 8.542446e+02
-1.053435e-03 7.725997e+02 3.097413e+02 8.552880e+02
-1.218121e-03 7.779658e+02 3.118926e+02 8.612284e+02
-1.447770e-03 7.765540e+02 3.113266e+02 8.596654e+02
-1.707671e-03 7.585881e+02 3.041239e+02 8.397768e+02
-1.964596e-03 7.777305e+02 3.117983e+02 8.609679e+02
-2.255252e-03 7.298478e+02 2.926017e+02 8.079606e+02
-2.840339e-03 7.198932e+02 2.886108e+02 7.969405e+02
-4.050253e-03 7.245928e+02 2.904949e+02 8.021431e+02
-5.668500e-03 6.891418e+02 2.762824e+02 7.628979e+02
-7.642661e-03 6.835691e+02 2.740482e+02 7.567288e+02
-1.084325e-02 6.980574e+02 2.798567e+02 7.727677e+02
-1.543347e-02 6.928465e+02 2.777676e+02 7.669992e+02
-2.029119e-02 7.113798e+02 2.851977e+02 7.875160e+02
-2.548516e-02 6.965007e+02 2.792326e+02 7.710445e+02
-3.054613e-02 7.331157e+02 2.939119e+02 8.115782e+02
-3.237856e-02 6.927580e+02 2.777321e+02 7.669011e+02
-3.179137e-02 6.835544e+02 2.740423e+02 7.567126e+02
-3.003286e-02 7.056647e+02 2.829065e+02 7.811892e+02
-2.470059e-02 7.391197e+02 2.963189e+02 8.182247e+02
-1.937450e-02 7.428389e+02 2.978100e+02 8.223420e+02
-1.598187e-02 7.558933e+02 3.030436e+02 8.367936e+02
-1.282255e-02 7.556478e+02 3.029451e+02 8.365218e+02
-9.913628e-03 7.169874e+02 2.874459e+02 7.937237e+02
-7.608329e-03 7.059095e+02 2.830047e+02 7.814602e+02
-5.774521e-03 6.839807e+02 2.742132e+02 7.571845e+02
-4.572663e-03 6.761010e+02 2.710542e+02 7.484615e+02
-3.868114e-03 7.152850e+02 2.867634e+02 7.918391e+02
-3.569907e-03 6.877642e+02 2.757301e+02 7.613729e+02
-3.594385e-03 6.669862e+02 2.674000e+02 7.383711e+02
-3.651103e-03 7.085532e+02 2.840645e+02 7.843868e+02
-3.741923e-03 7.432417e+02 2.979714e+02 8.227879e+02
-4.154506e-03 7.675987e+02 3.077363e+02 8.497517e+02
-5.393343e-03 7.934461e+02 3.180988e+02 8.783655e+02
-7.507753e-03 8.375160e+02 3.357667e+02 9.271520e+02
-9.616783e-03 7.916833e+02 3.173920e+02 8.764140e+02
-1.100417e-02 7.770418e+02 3.115221e+02 8.602055e+02
-1.279155e-02 7.725009e+02 3.097017e+02 8.551786e+02
-1.514819e-02 7.760592e+02 3.111282e+02 8.591177e+02
-1.741131e-02 7.363866e+02 2.952232e+02 8.151992e+02
-1.807666e-02 7.614194e+02 3.052590e+02 8.429111e+02
-1.607163e-02 7.759795e+02 3.110963e+02 8.590295e+02
-1.450013e-02 7.783816e+02 3.120593e+02 8.616888e+02
-1.368124e-02 7.651497e+02 3.067545e+02 8.470407e+02
-1.175256e-02 7.537895e+02 3.022001e+02 8.344647e+02
-9.716748e-03 7.637037e+02 3.061748e+02 8.454399e+02
-7.678143e-03 7.471851e+02 2.995524e+02 8.271534e+02
-5.480391e-03 7.751798e+02 3.107757e+02 8.581443e+02
-3.823262e-03 7.841971e+02 3.143908e+02 8.681266e+02
-2.725352e-03 7.660685e+02 3.071229e+02 8.480577e+02
-2.025491e-03 7.716199e+02 3.093485e+02 8.542034e+02
-1.465530e-03 7.978786e+02 3.198758e+02 8.832724e+02
-1.045288e-03 8.073798e+02 3.236849e+02 8.937905e+02
-8.040599e-04 8.252675e+02 3.308562e+02 9.135926e+02
-6.323122e-04 7.971371e+02 3.195785e+02 8.824516e+02
-4.787291e-04 8.175363e+02 3.277567e+02 9.050340e+02
-3.554789e-04 8.030948e+02 3.219670e+02 8.890469e+02
-2.730984e-04 7.684318e+02 3.080703e+02 8.506740e+02
-2.165454e-04 7.608266e+02 3.050213e+02 8.422548e+02
-1.774240e-04 7.464525e+02 2.992586e+02 8.263423e+02
-1.474670e-04 7.502832e+02 3.007944e+02 8.305830e+02
-1.275966e-04 7.434744e+02 2.980647e+02 8.230456e+02
-1.191221e-04 7.184103e+02 2.880163e+02 7.952989e+02
-1.138968e-04 7.280230e+02 2.918701e+02 8.059405e+02
-1.101790e-04 7.557636e+02 3.029916e+02 8.366500e+02
-1.047185e-04 7.577411e+02 3.037844e+02 8.388392e+02
-9.468328e-05 7.632603e+02 3.059970e+02 8.449490e+02
-8.699317e-05 7.490293e+02 3.002917e+02 8.291949e+02
-8.305681e-05 7.474005e+02 2.996387e+02 8.273918e+02
-7.985174e-05 7.433034e+02 2.979962e+02 8.228562e+02
-7.863483e-05 7.501418e+02 3.007377e+02 8.304265e+02
-7.873328e-05 8.066619e+02 3.233971e+02 8.929958e+02
-7.809822e-05 8.200774e+02 3.287755e+02 9.078471e+02
-7.650667e-05 8.147820e+02 3.266525e+02 9.019849e+02
-7.411253e-05 8.319144e+02 3.335210e+02 9.209509e+02
-7.096635e-05 8.235447e+02 3.301655e+02 9.116854e+02
-6.832601e-05 7.938037e+02 3.182421e+02 8.787614e+02
-6.597346e-05 8.104354e+02 3.249099e+02 8.971731e+02
-6.350147e-05 7.981401e+02 3.199806e+02 8.835618e+02
-6.225330e-05 7.652352e+02 3.067888e+02 8.471353e+02
-6.157915e-05 7.648824e+02 3.066474e+02 8.467448e+02
-6.078848e-05 7.590221e+02 3.042979e+02 8.402573e+02
-5.906077e-05 7.382709e+02 2.959786e+02 8.172851e+02
-5.656651e-05 7.160178e+02 2.870572e+02 7.926504e+02
-5.656993e-05 7.226207e+02 2.897043e+02 7.999599e+02
-5.878760e-05 7.054911e+02 2.828369e+02 7.809970e+02
-6.111558e-05 7.262747e+02 2.911692e+02 8.040050e+02
-6.279416e-05 7.408955e+02 2.970308e+02 8.201906e+02
-6.357837e-05 7.417072e+02 2.973563e+02 8.210892e+02
-6.455388e-05 7.303945e+02 2.928209e+02 8.085657e+02
-6.628139e-05 7.333561e+02 2.940082e+02 8.118443e+02
-7.023197e-05 7.646088e+02 3.065377e+02 8.464419e+02
-7.647414e-05 7.472908e+02 2.995948e+02 8.272704e+02
-8.233793e-05 7.337111e+02 2.941505e+02 8.122373e+02
-8.773789e-05 7.378283e+02 2.958011e+02 8.167951e+02
-9.410792e-05 7.252298e+02 2.907503e+02 8.028483e+02
-1.012042e-04 7.209163e+02 2.890210e+02 7.980731e+02
-1.068813e-04 7.133591e+02 2.859913e+02 7.897071e+02
-1.091987e-04 7.069666e+02 2.834285e+02 7.826305e+02
-1.075615e-04 7.250925e+02 2.906953e+02 8.026963e+02
-1.031087e-04 7.518388e+02 3.014181e+02 8.323051e+02
-9.884520e-05 7.574150e+02 3.036536e+02 8.384781e+02
-9.563936e-05 7.949712e+02 3.187102e+02 8.800538e+02
-9.303024e-05 7.613290e+02 3.052228e+02 8.428110e+02
-9.210820e-05 7.455918e+02 2.989136e+02 8.253896e+02
-9.188233e-05 7.380972e+02 2.959090e+02 8.170928e+02
-9.148618e-05 7.684539e+02 3.080792e+02 8.506985e+02
-9.265279e-05 8.055928e+02 3.229685e+02 8.918122e+02
-9.566066e-05 7.883967e+02 3.160744e+02 8.727757e+02
-1.000950e-04 7.676481e+02 3.077561e+02 8.498064e+02
-1.027583e-04 7.601224e+02 3.047390e+02 8.414753e+02
-1.016947e-04 6.919635e+02 2.774136e+02 7.660216e+02
-9.842886e-05 7.301676e+02 2.927299e+02 8.083145e+02
-9.552473e-05 7.231474e+02 2.899155e+02 8.005430e+02
-9.301490e-05 7.044728e+02 2.824287e+02 7.798698e+02
-8.969569e-05 6.989009e+02 2.801949e+02 7.737015e+02
-8.521826e-05 7.240487e+02 2.902768e+02 8.015408e+02
-8.097603e-05 7.402415e+02 2.967686e+02 8.194666e+02
-7.790518e-05 7.086999e+02 2.841234e+02 7.845493e+02
-7.601683e-05 7.004940e+02 2.808335e+02 7.754651e+02
-7.519134e-05 7.090330e+02 2.842569e+02 7.849180e+02
-7.421743e-05 7.266564e+02 2.913222e+02 8.044275e+02
-7.321612e-05 7.112024e+02 2.851266e+02 7.873196e+02
-7.235206e-05 7.254099e+02 2.908225e+02 8.030476e+02
-7.122591e-05 7.494048e+02 3.004423e+02 8.296106e+02
-6.978484e-05 7.646662e+02 3.065607e+02 8.465054e+02
-6.991050e-05 7.497514e+02 3.005812e+02 8.299943e+02
-7.166805e-05 7.509333e+02 3.010551e+02 8.313027e+02
-7.373658e-05 7.712977e+02 3.092193e+02 8.538466e+02
-7.493098e-05 7.535693e+02 3.021119e+02 8.342209e+02
-7.491133e-05 7.406746e+02 2.969423e+02 8.199461e+02
-7.456160e-05 7.493436e+02 3.004177e+02 8.295428e+02
-7.429303e-05 7.521507e+02 3.015431e+02 8.326505e+02
-7.520439e-05 7.735792e+02 3.101340e+02 8.563723e+02
-7.602506e-05 7.620795e+02 3.055237e+02 8.436419e+02
-7.458777e-05 7.256335e+02 2.909122e+02 8.032951e+02
-7.217491e-05 7.630956e+02 3.059310e+02 8.447667e+02
-6.937297e-05 7.455468e+02 2.988956e+02 8.253397e+02
-6.659422e-05 7.373905e+02 2.956256e+02 8.163105e+02
-6.478724e-05 7.379323e+02 2.958429e+02 8.169103e+02
-6.381684e-05 7.480110e+02 2.998835e+02 8.280676e+02
-6.456195e-05 7.428140e+02 2.978000e+02 8.223145e+02
-6.703848e-05 6.939021e+02 2.781908e+02 7.681677e+02
-7.006447e-05 6.637297e+02 2.660944e+02 7.347661e+02
-7.172495e-05 6.726840e+02 2.696843e+02 7.446787e+02
-7.119730e-05 6.599354e+02 2.645733e+02 7.305657e+02
-7.169573e-05 7.161858e+02 2.871245e+02 7.928363e+02
-7.400647e-05 7.178558e+02 2.877940e+02 7.946851e+02
-7.393800e-05 8.032718e+02 3.220380e+02 8.892428e+02
-7.245082e-05 7.692104e+02 3.083825e+02 8.515359e+02
-7.204375e-05 7.324716e+02 2.936536e+02 8.108651e+02
-7.373573e-05 7.482799e+02 2.999913e+02 8.283653e+02
-7.653223e-05 7.766265e+02 3.113557e+02 8.597458e+02
-7.852766e-05 7.673843e+02 3.076504e+02 8.495144e+02
-8.184212e-05 7.490847e+02 3.003139e+02 8.292563e+02
-8.725053e-05 7.518533e+02 3.014239e+02 8.323212e+02
-9.380602e-05 7.218197e+02 2.893832e+02 7.990732e+02
-1.007523e-04 7.306307e+02 2.929156e+02 8.088273e+02
-1.070657e-04 7.259567e+02 2.910417e+02 8.036530e+02
-1.129533e-04 7.113752e+02 2.851959e+02 7.875108e+02
-1.210835e-04 7.358036e+02 2.949895e+02 8.145538e+02
-1.295358e-04 7.279080e+02 2.918240e+02 8.058132e+02
-1.357380e-04 7.143649e+02 2.863945e+02 7.908205e+02
-1.404858e-04 7.018163e+02 2.813636e+02 7.769289e+02
-1.480282e-04 7.212773e+02 2.891657e+02 7.984727e+02
-1.575064e-04 7.653152e+02 3.068209e+02 8.472239e+02
-1.645662e-04 7.807993e+02 3.130286e+02 8.643652e+02
-1.718269e-04 8.138799e+02 3.262908e+02 9.009862e+02
-1.752156e-04 8.159937e+02 3.271383e+02 9.033263e+02
-1.773003e-04 8.180080e+02 3.279458e+02 9.055562e+02
-1.808692e-04 7.801818e+02 3.127810e+02 8.636815e+02
-1.847439e-04 8.001022e+02 3.207673e+02 8.857340e+02
-1.905062e-04 7.853355e+02 3.148472e+02 8.693868e+02
-1.968799e-04 8.208566e+02 3.290879e+02 9.087097e+02
-2.006649e-04 8.020744e+02 3.215579e+02 8.879173e+02
-1.957621e-04 8.047891e+02 3.226463e+02 8.909225e+02
-1.927646e-04 7.713628e+02 3.092454e+02 8.539187e+02
-1.969631e-04 7.976196e+02 3.197719e+02 8.829856e+02
-1.963655e-04 7.983412e+02 3.200613e+02 8.837845e+02
-1.900972e-04 7.796958e+02 3.125862e+02 8.631436e+02
-1.836059e-04 7.772953e+02 3.116238e+02 8.604862e+02
-1.758262e-04 7.810909e+02 3.131455e+02 8.646880e+02
-1.666835e-04 7.692601e+02 3.084024e+02 8.515909e+02
-1.564780e-04 7.611754e+02 3.051612e+02 8.426410e+02
-1.467688e-04 7.476477e+02 2.997378e+02 8.276655e+02
-1.419573e-04 7.054469e+02 2.828192e+02 7.809481e+02
-1.416459e-04 7.017269e+02 2.813278e+02 7.768299e+02
-1.397128e-04 6.942315e+02 2.783229e+02 7.685324e+02
-1.374289e-04 7.091277e+02 2.842949e+02 7.850229e+02
-1.353735e-04 6.657395e+02 2.669002e+02 7.369910e+02
-1.273244e-04 6.598869e+02 2.645538e+02 7.305120e+02
-1.172690e-04 6.588019e+02 2.641188e+02 7.293108e+02
-1.075137e-04 6.686819e+02 2.680798e+02 7.402483e+02
-9.603774e-05 7.174583e+02 2.876347e+02 7.942451e+02
-8.676279e-05 7.536132e+02 3.021294e+02 8.342694e+02
-8.167415e-05 7.369417e+02 2.954457e+02 8.158136e+02
-7.699865e-05 6.830090e+02 2.738237e+02 7.561087e+02
-7.198277e-05 7.145323e+02 2.864616e+02 7.910059e+02
-6.889287e-05 7.086826e+02 2.841164e+02 7.845301e+02
-6.759715e-05 7.175777e+02 2.876825e+02 7.943772e+02
-6.701238e-05 7.214445e+02 2.892328e+02 7.986579e+02
-6.647455e-05 7.470258e+02 2.994885e+02 8.269770e+02
-6.500774e-05 7.149757e+02 2.866394e+02 7.914967e+02
-6.242449e-05 7.043432e+02 2.823767e+02 7.797263e+02
-6.019627e-05 7.194040e+02 2.884147e+02 7.963990e+02
-5.814274e-05 7.001097e+02 2.806795e+02 7.750397e+02
-5.541603e-05 6.625737e+02 2.656310e+02 7.334863e+02
-5.311221e-05 7.285792e+02 2.920931e+02 8.065561e+02
-5.196704e-05 7.280008e+02 2.918612e+02 8.059158e+02
-5.137935e-05 7.221279e+02 2.895068e+02 7.994144e+02
-5.059252e-05 7.161872e+02 2.871251e+02 7.928379e+02
-4.983566e-05 7.185817e+02 2.880851e+02 7.954887e+02
-5.033825e-05 7.058002e+02 2.829608e+02 7.813392e+02
-5.250520e-05 7.170732e+02 2.874803e+02 7.938187e+02
-5.499554e-05 7.291164e+02 2.923085e+02 8.071509e+02
-5.734310e-05 7.313184e+02 2.931913e+02 8.095885e+02
-5.871773e-05 7.567630e+02 3.033922e+02 8.377563e+02
-5.919030e-05 7.854577e+02 3.148962e+02 8.695221e+02
-5.970670e-05 7.686405e+02 3.081540e+02 8.509051e+02
-5.871606e-05 8.036716e+02 3.221983e+02 8.896854e+02
-5.699894e-05 7.821851e+02 3.135841e+02 8.658992e+02
-5.620180e-05 7.436246e+02 2.981249e+02 8.232118e+02
-5.649000e-05 7.393586e+02 2.964147e+02 8.184893e+02
-5.699794e-05 7.345255e+02 2.944770e+02 8.131388e+02
-5.710119e-05 7.359193e+02 2.950358e+02 8.146818e+02
-5.760840e-05 7.225533e+02 2.896773e+02 7.998853e+02
-5.870754e-05 7.289193e+02 2.922295e+02 8.069327e+02
-5.894722e-05 6.967069e+02 2.793153e+02 7.712727e+02
-5.869867e-05 7.147190e+02 2.865365e+02 7.912126e+02
-5.845032e-05 7.193336e+02 2.883865e+02 7.963210e+02
-5.735455e-05 7.605843e+02 3.049242e+02 8.419866e+02
-5.664935e-05 7.588625e+02 3.042339e+02 8.400806e+02
-5.649845e-05 7.432412e+02 2.979712e+02 8.227874e+02
-5.622222e-05 7.547268e+02 3.025759e+02 8.355022e+02
-5.626670e-05 7.630859e+02 3.059271e+02 8.447560e+02
-5.615245e-05 7.398889e+02 2.966273e+02 8.190763e+02
-5.621924e-05 7.400099e+02 2.966758e+02 8.192103e+02
-5.653312e-05 7.478853e+02 2.998331e+02 8.279285e+02
-5.719921e-05 7.054390e+02 2.828160e+02 7.809393e+02
-5.859696e-05 7.337388e+02 2.941617e+02 8.122680e+02
-5.977487e-05 7.720518e+02 3.095216e+02 8.546814e+02
-6.040757e-05 7.643756e+02 3.064442e+02 8.461837e+02
-6.098091e-05 7.213458e+02 2.891932e+02 7.985485e+02
-6.271158e-05 7.207745e+02 2.889641e+02 7.979161e+02
-6.557040e-05 7.269757e+02 2.914503e+02 8.047810e+02
-6.911665e-05 7.593786e+02 3.044409e+02 8.406519e+02
-7.324862e-05 7.108367e+02 2.849800e+02 7.869147e+02
-7.718376e-05 7.448499e+02 2.986162e+02 8.245682e+02
-8.098507e-05 7.218996e+02 2.894152e+02 7.991617e+02
-8.430860e-05 7.210329e+02 2.890678e+02 7.982022e+02
-8.533062e-05 7.060146e+02 2.830468e+02 7.815766e+02
-8.459289e-05 6.909653e+02 2.770134e+02 7.649166e+02
-8.406016e-05 6.906624e+02 2.768920e+02 7.645812e+02
-8.503103e-05 6.994156e+02 2.804012e+02 7.742713e+02
-8.770329e-05 6.808342e+02 2.729518e+02 7.537012e+02
-9.038043e-05 7.283692e+02 2.920089e+02 8.063236e+02
-9.205255e-05 7.176687e+02 2.877190e+02 7.944779e+02
-9.152740e-05 7.303574e+02 2.928060e+02 8.085247e+02
-9.231929e-05 7.058899e+02 2.829968e+02 7.814385e+02
-9.654272e-05 7.080241e+02 2.838524e+02 7.838011e+02
-1.013355e-04 7.365335e+02 2.952821e+02 8.153618e+02
-1.049326e-04 6.935346e+02 2.780435e+02 7.677609e+02
-1.058172e-04 7.169065e+02 2.874134e+02 7.936341e+02
-1.079380e-04 7.370623e+02 2.954941e+02 8.159472e+02
-1.128642e-04 7.154231e+02 2.868187e+02 7.919920e+02
-1.200143e-04 7.070344e+02 2.834556e+02 7.827055e+02
-1.280801e-04 7.245484e+02 2.904771e+02 8.020940e+02
-1.346026e-04 7.373341e+02 2.956030e+02 8.162481e+02
-1.391442e-04 7.593128e+02 3.044145e+02 8.405791e+02
-1.437232e-04 7.817187e+02 3.133972e+02 8.653830e+02
-1.543234e-04 7.260120e+02 2.910639e+02 8.037142e+02
-1.697161e-04 7.223276e+02 2.895868e+02 7.996354e+02
-1.900778e-04 7.241277e+02 2.903085e+02 8.016283e+02
-2.131319e-04 7.708957e+02 3.090581e+02 8.534016e+02
-2.309260e-04 7.758663e+02 3.110509e+02 8.589042e+02
-2.435850e-04 7.493833e+02 3.004337e+02 8.295869e+02
-2.548407e-04 7.696867e+02 3.085734e+02 8.520632e+02
-2.614833e-04 7.437646e+02 2.981811e+02 8.233668e+02
-2.565991e-04 7.068756e+02 2.833920e+02 7.825297e+02
-2.361220e-04 7.153105e+02 2.867736e+02 7.918674e+02
-2.104197e-04 7.506785e+02 3.009529e+02 8.310206e+02
-1.949122e-04 7.338896e+02 2.942221e+02 8.124349e+02
-1.825803e-04 7.242918e+02 2.903743e+02 8.018098e+02
-1.745836e-04 7.209603e+02 2.890387e+02 7.981219e+02
-1.758916e-04 7.479865e+02 2.998737e+02 8.280406e+02
-1.780636e-04 7.640610e+02 3.063181e+02 8.458355e+02
-1.715086e-04 7.297240e+02 2.925521e+02 8.078235e+02
-1.591162e-04 7.384992e+02 2.960701e+02 8.175379e+02
-1.463964e-04 7.459047e+02 2.990391e+02 8.257360e+02
-1.340701e-04 7.655214e+02 3.069035e+02 8.474521e+02
-1.251514e-04 7.594255e+02 3.044597e+02 8.407038e+02
-1.166131e-04 7.495787e+02 3.005120e+02 8.298031e+02
-1.093376e-04 7.191681e+02 2.883201e+02 7.961378e+02
-1.049493e-04 7.298403e+02 2.925987e+02 8.079523e+02
-1.007574e-04 7.565188e+02 3.032943e+02 8.374860e+02
-9.803440e-05 7.506034e+02 3.009228e+02 8.309376e+02
-9.794212e-05 7.436674e+02 2.981421e+02 8.232592e+02
-9.916138e-05 7.431366e+02 2.979293e+02 8.226716e+02
-9.860371e-05 7.696397e+02 3.085546e+02 8.520111e+02
-9.418065e-05 7.614772e+02 3.052822e+02 8.429751e+02
-8.906481e-05 7.359076e+02 2.950311e+02 8.146689e+02
-8.519637e-05 7.438677e+02 2.982224e+02 8.234809e+02
-8.184421e-05 7.632228e+02 3.059820e+02 8.449075e+02
-7.814884e-05 7.602409e+02 3.047866e+02 8.416065e+02
-7.631452e-05 7.671832e+02 3.075698e+02 8.492918e+02
-7.724567e-05 7.959305e+02 3.190948e+02 8.811158e+02
-7.863105e-05 7.467895e+02 2.993938e+02 8.267154e+02
-7.908037e-05 7.435828e+02 2.981082e+02 8.231655e+02
-7.843594e-05 7.412242e+02 2.971626e+02 8.205545e+02
-7.790790e-05 7.224556e+02 2.896381e+02 7.997772e+02
-7.747822e-05 7.233644e+02 2.900025e+02 8.007832e+02
-7.794059e-05 7.193971e+02 2.884120e+02 7.963913e+02
-7.897020e-05 6.994109e+02 2.803993e+02 7.742661e+02
-8.019847e-05 7.202737e+02 2.887634e+02 7.973618e+02
-8.200241e-05 7.159507e+02 2.870303e+02 7.925761e+02
-8.178179e-05 7.426615e+02 2.977388e+02 8.221456e+02
-7.988966e-05 7.744061e+02 3.104655e+02 8.572877e+02
-7.800554e-05 7.846954e+02 3.145905e+02 8.686782e+02
-7.638446e-05 7.863110e+02 3.152383e+02 8.704668e+02
-7.533471e-05 7.717749e+02 3.094106e+02 8.543749e+02
-7.470062e-05 7.737832e+02 3.102158e+02 8.565982e+02
-7.386290e-05 7.852881e+02 3.148282e+02 8.693344e+02
-7.312772e-05 7.676418e+02 3.077536e+02 8.497995e+02
-7.333114e-05 7.404589e+02 2.968558e+02 8.197073e+02
-7.379918e-05 7.043230e+02 2.823686e+02 7.797039e+02
-7.486306e-05 6.936097e+02 2.780736e+02 7.678440e+02
-7.644755e-05 6.942603e+02 2.783344e+02 7.685642e+02
-7.811811e-05 6.921219e+02 2.774771e+02 7.661970e+02
-8.043342e-05 7.220612e+02 2.894800e+02 7.993406e+02
-8.217068e-05 7.129333e+02 2.858206e+02 7.892358e+02
-8.195502e-05 7.069727e+02 2.834309e+02 7.826372e+02
-8.086410e-05 6.956886e+02 2.789070e+02 7.701455e+02
-8.013791e-05 7.595799e+02 3.045216e+02 8.408748e+02
-8.038368e-05 7.870815e+02 3.155472e+02 8.713197e+02
-8.147990e-05 8.176882e+02 3.278176e+02 9.052022e+02
-8.183562e-05 7.968595e+02 3.194672e+02 8.821442e+02
-8.183577e-05 7.593292e+02 3.044211e+02 8.405972e+02
-8.303411e-05 7.419176e+02 2.974406e+02 8.213221e+02
-8.638082e-05 7.523984e+02 3.016424e+02 8.329247e+02
-9.356460e-05 7.485549e+02 3.001016e+02 8.286698e+02
-1.055338e-04 7.505419e+02 3.008981e+02 8.308694e+02
-1.221628e-04 7.353704e+02 2.948158e+02 8.140742e+02
-1.405171e-04 7.545490e+02 3.025046e+02 8.353054e+02
-1.571793e-04 7.311304e+02 2.931159e+02 8.093804e+02
-1.743024e-04 7.641046e+02 3.063356e+02 8.458837e+02
-1.892957e-04 7.686075e+02 3.081408e+02 8.508685e+02
-2.047545e-04 7.671751e+02 3.075665e+02 8.492828e+02
-2.215581e-04 7.393573e+02 2.964141e+02 8.184877e+02
-2.332016e-04 7.011916e+02 2.811132e+02 7.762373e+02
-2.451726e-04 7.451994e+02 2.987563e+02 8.249551e+02
-2.563214e-04 7.339287e+02 2.942378e+02 8.124782e+02
-2.646704e-04 7.175052e+02 2.876535e+02 7.942970e+02
-2.702860e-04 7.231334e+02 2.899098e+02 8.005275e+02
-2.784961e-04 7.489336e+02 3.002533e+02 8.290890e+02
-2.950613e-04 7.847592e+02 3.146161e+02 8.687489e+02
-3.118836e-04 7.753601e+02 3.108479e+02 8.583438e+02
-3.331351e-04 7.695978e+02 3.085378e+02 8.519649e+02
-3.613931e-04 7.674057e+02 3.076590e+02 8.495381e+02
-3.959895e-04 7.777856e+02 3.118204e+02 8.610289e+02
-4.324738e-04 7.537596e+02 3.021881e+02 8.344315e+02
-4.619263e-04 7.299001e+02 2.926227e+02 8.080184e+02
-5.053855e-04 6.977393e+02 2.797292e+02 7.724156e+02
-5.594173e-04 7.143312e+02 2.863810e+02 7.907832e+02
-5.952637e-04 7.476983e+02 2.997581e+02 8.277215e+02
-6.132596e-04 7.162442e+02 2.871479e+02 7.929010e+02
-6.169812e-04 7.270344e+02 2.914738e+02 8.048460e+02
-6.249642e-04 7.589908e+02 3.042854e+02 8.402226e+02
-6.666311e-04 7.384795e+02 2.960622e+02 8.175160e+02
-7.329044e-04 7.767189e+02 3.113927e+02 8.598481e+02
-7.975436e-04 7.768473e+02 3.114442e+02 8.599902e+02
-8.518716e-04 7.693195e+02 3.084262e+02 8.516567e+02
-9.159791e-04 7.835567e+02 3.141340e+02 8.674176e+02
-9.867720e-04 8.134973e+02 3.261374e+02 9.005627e+02
-1.051824e-03 8.223371e+02 3.296814e+02 9.103486e+02
-1.113134e-03 8.474087e+02 3.397328e+02 9.381035e+02
-1.114762e-03 8.272152e+02 3.316371e+02 9.157488e+02
-1.070630e-03 7.892123e+02 3.164014e+02 8.736786e+02
-1.054415e-03 7.274186e+02 2.916278e+02 8.052713e+02
-1.044538e-03 7.431841e+02 2.979483e+02 8.227241e+02
-1.053530e-03 7.635671e+02 3.061201e+02 8.452887e+02
-1.076296e-03 7.071446e+02 2.834998e+02 7.828275e+02
-1.084180e-03 7.394604e+02 2.964555e+02 8.186019e+02
-1.104659e-03 7.645206e+02 3.065023e+02 8.463443e+02
-1.097924e-03 7.641829e+02 3.063669e+02 8.459704e+02
-1.082881e-03 7.732111e+02 3.099864e+02 8.559649e+02
-1.072529e-03 7.168736e+02 2.874003e+02 7.935978e+02
-1.054133e-03 6.966851e+02 2.793065e+02 7.712485e+02
-1.087795e-03 7.306413e+02 2.929198e+02 8.088390e+02
-1.204668e-03 7.453759e+02 2.988271e+02 8.251506e+02
-1.313245e-03 7.524408e+02 3.016594e+02 8.329715e+02
-1.326883e-03 7.488841e+02 3.002335e+02 8.290342e+02
-1.371789e-03 7.459197e+02 2.990451e+02 8.257525e+02
-1.520979e-03 7.217375e+02 2.893502e+02 7.989822e+02
-1.702726e-03 6.997551e+02 2.805373e+02 7.746471e+02
-1.877370e-03 7.026402e+02 2.816940e+02 7.778410e+02
-2.085479e-03 7.138708e+02 2.861964e+02 7.902736e+02
-2.252663e-03 7.128207e+02 2.857754e+02 7.891111e+02
-2.273010e-03 7.065298e+02 2.832533e+02 7.821469e+02
-2.215902e-03 7.329231e+02 2.938346e+02 8.113649e+02
-2.134219e-03 6.783936e+02 2.719733e+02 7.509994e+02
-2.045613e-03 6.775112e+02 2.716196e+02 7.500226e+02
-1.992336e-03 6.725671e+02 2.696374e+02 7.445493e+02
-1.946705e-03 6.851710e+02 2.746904e+02 7.585022e+02
-1.916942e-03 6.450639e+02 2.586112e+02 7.141026e+02
-1.927561e-03 6.386013e+02 2.560203e+02 7.069482e+02
-1.963576e-03 6.787842e+02 2.721299e+02 7.514317e+02
-1.941787e-03 7.085049e+02 2.840452e+02 7.843334e+02
-1.865584e-03 7.477247e+02 2.997687e+02 8.277507e+02
-1.890640e-03 7.391536e+02 2.963325e+02 8.182623e+02
-2.009283e-03 7.090796e+02 2.842756e+02 7.849696e+02
-2.233756e-03 6.728332e+02 2.697441e+02 7.448439e+02
-2.572721e-03 6.899070e+02 2.765891e+02 7.637450e+02
-2.853571e-03 7.086438e+02 2.841009e+02 7.844872e+02
-3.117472e-03 7.396063e+02 2.965140e+02 8.187635e+02
-3.522016e-03 7.381879e+02 2.959453e+02 8.171932e+02
-4.135525e-03 7.870378e+02 3.155296e+02 8.712713e+02
-5.030057e-03 8.298112e+02 3.326778e+02 9.186226e+02
-6.091113e-03 8.553375e+02 3.429115e+02 9.468808e+02
-6.893628e-03 8.473428e+02 3.397064e+02 9.380306e+02
-7.861133e-03 8.701438e+02 3.488475e+02 9.632718e+02
-9.238350e-03 8.158663e+02 3.270872e+02 9.031853e+02
-1.087424e-02 8.387809e+02 3.362738e+02 9.285523e+02
-1.318229e-02 8.660442e+02 3.472039e+02 9.587335e+02
-1.690813e-02 8.983860e+02 3.601700e+02 9.945367e+02
-2.294162e-02 9.859868e+02 3.952899e+02 1.091513e+03
-3.447506e-02 9.107829e+02 3.651400e+02 1.008260e+03
-5.744417e-02 9.085759e+02 3.642552e+02 1.005817e+03
-8.713745e-02 8.867095e+02 3.554888e+02 9.816105e+02
-1.327470e-01 8.774264e+02 3.517671e+02 9.713339e+02
-2.037181e-01 8.429334e+02 3.379386e+02 9.331492e+02
-3.191987e-01 8.107448e+02 3.250340e+02 8.975156e+02
-5.530114e-01 8.605470e+02 3.450001e+02 9.526480e+02
-9.447650e-01 8.558067e+02 3.430996e+02 9.474003e+02
-7.929980e-01 8.269081e+02 3.315139e+02 9.154088e+02
-5.897130e-01 8.458741e+02 3.391176e+02 9.364047e+02
-6.265815e-01 8.485111e+02 3.401748e+02 9.393239e+02
-9.973642e-01 8.588193e+02 3.443074e+02 9.507354e+02
-8.224662e-01 8.904205e+02 3.569766e+02 9.857187e+02
-6.354185e-01 8.306793e+02 3.330259e+02 9.195837e+02
-4.592850e-01 8.169674e+02 3.275287e+02 9.044042e+02
-2.524808e-01 8.276481e+02 3.318106e+02 9.162280e+02
-1.346472e-01 8.368116e+02 3.354843e+02 9.263722e+02
-8.685870e-02 8.597315e+02 3.446731e+02 9.517452e+02
-6.347282e-02 8.737846e+02 3.503071e+02 9.673023e+02
-4.703176e-02 9.105627e+02 3.650517e+02 1.008017e+03
-3.323424e-02 8.919171e+02 3.575765e+02 9.873754e+02
-2.247715e-02 8.084940e+02 3.241316e+02 8.950239e+02
-1.552141e-02 8.489442e+02 3.403484e+02 9.398034e+02
-1.186579e-02 8.383412e+02 3.360976e+02 9.280655e+02
-9.933076e-03 8.014829e+02 3.213208e+02 8.872625e+02
-8.282190e-03 7.801688e+02 3.127758e+02 8.636672e+02
-6.947286e-03 7.966608e+02 3.193875e+02 8.819242e+02
-6.623713e-03 7.559561e+02 3.030687e+02 8.368630e+02
-7.297538e-03 7.571560e+02 3.035498e+02 8.381914e+02
-8.911310e-03 7.432119e+02 2.979595e+02 8.227549e+02
-1.199695e-02 7.364211e+02 2.952370e+02 8.152373e+02
-1.709079e-02 7.102291e+02 2.847364e+02 7.862421e+02
-2.203544e-02 7.082096e+02 2.839268e+02 7.840065e+02
-2.830088e-02 7.011474e+02 2.810955e+02 7.761885e+02
-3.568888e-02 7.519413e+02 3.014592e+02 8.324186e+02
-3.941042e-02 7.750199e+02 3.107116e+02 8.579672e+02
-3.752545e-02 7.210136e+02 2.890600e+02 7.981809e+02
-3.342484e-02 7.118117e+02 2.853709e+02 7.879940e+02
-3.215869e-02 7.353473e+02 2.948065e+02 8.140486e+02
-3.171559e-02 7.244076e+02 2.904207e+02 8.019381e+02
-3.385143e-02 7.263689e+02 2.912070e+02 8.041093e+02
-4.101217e-02 7.430105e+02 2.978787e+02 8.225320e+02
-5.308230e-02 7.382768e+02 2.959810e+02 8.172916e+02
-7.412548e-02 7.026653e+02 2.817040e+02 7.778688e+02
-1.049506e-01 6.924246e+02 2.775985e+02 7.665321e+02
-1.405932e-01 6.763463e+02 2.711525e+02 7.487329e+02
-1.800831e-01 6.871088e+02 2.754673e+02 7.606473e+02
-2.072222e-01 7.052621e+02 2.827451e+02 7.807435e+02
-2.016103e-01 7.426226e+02 2.977232e+02 8.221026e+02
-1.901919e-01 7.811638e+02 3.131747e+02 8.647686e+02
-1.677016e-01 7.989681e+02 3.203126e+02 8.844785e+02
-1.420134e-01 7.678063e+02 3.078196e+02 8.499816e+02
-1.390960e-01 7.511675e+02 3.011489e+02 8.315620e+02
-1.477926e-01 7.706332e+02 3.089529e+02 8.531110e+02
-1.549796e-01 7.687144e+02 3.081836e+02 8.509869e+02
-1.520111e-01 7.828975e+02 3.138698e+02 8.666879e+02
-1.212527e-01 7.356388e+02 2.949234e+02 8.143713e+02
-7.208694e-02 7.472734e+02 2.995878e+02 8.272511e+02
-3.890669e-02 7.443096e+02 2.983995e+02 8.239701e+02
-2.140604e-02 7.503034e+02 3.008025e+02 8.306054e+02
-1.199797e-02 7.527531e+02 3.017846e+02 8.333173e+02
-7.278598e-03 7.493429e+02 3.004175e+02 8.295421e+02
-5.187954e-03 7.494928e+02 3.004776e+02 8.297081e+02
-4.338030e-03 7.049897e+02 2.826359e+02 7.804419e+02
-3.932329e-03 6.781052e+02 2.718577e+02 7.506801e+02
-3.745883e-03 7.223037e+02 2.895772e+02 7.996090e+02
-3.673021e-03 7.278780e+02 2.918120e+02 8.057799e+02
-3.757034e-03 7.228126e+02 2.897813e+02 8.001724e+02
-4.105876e-03 6.999846e+02 2.806293e+02 7.749012e+02
-4.485952e-03 7.053443e+02 2.827781e+02 7.808345e+02
-4.681588e-03 6.955185e+02 2.788388e+02 7.699571e+02
-4.622112e-03 6.799813e+02 2.726098e+02 7.527570e+02
-4.192195e-03 6.772101e+02 2.714988e+02 7.496892e+02
-3.612839e-03 7.268201e+02 2.913879e+02 8.046088e+02
-2.951638e-03 7.097749e+02 2.845543e+02 7.857392e+02
-2.396572e-03 6.919036e+02 2.773896e+02 7.659554e+02
-1.937283e-03 6.979078e+02 2.797967e+02 7.726021e+02
-1.600188e-03 6.869220e+02 2.753924e+02 7.604406e+02
-1.357950e-03 6.976631e+02 2.796986e+02 7.723312e+02
-1.158143e-03 7.229025e+02 2.898173e+02 8.002719e+02
-1.021092e-03 7.186818e+02 2.881252e+02 7.955994e+02
-8.938480e-04 7.057017e+02 2.829213e+02 7.812301e+02
-8.073027e-04 7.045488e+02 2.824591e+02 7.799539e+02
-7.789090e-04 7.396326e+02 2.965245e+02 8.187925e+02
-7.672791e-04 7.811135e+02 3.131545e+02 8.647130e+02
-7.643266e-04 7.408362e+02 2.970070e+02 8.201249e+02
-7.440351e-04 7.386796e+02 2.961424e+02 8.177375e+02
-7.201199e-04 7.743414e+02 3.104396e+02 8.572161e+02
-7.227836e-04 7.436765e+02 2.981458e+02 8.232693e+02
-7.255742e-04 7.355483e+02 2.948871e+02 8.142712e+02
-7.218240e-04 7.268850e+02 2.914139e+02 8.046806e+02
-6.974347e-04 7.270369e+02 2.914748e+02 8.048487e+02
-6.359071e-04 7.438616e+02 2.982199e+02 8.234741e+02
-5.775740e-04 7.634104e+02 3.060572e+02 8.451152e+02
-5.344116e-04 7.634751e+02 3.060832e+02 8.451868e+02
-4.790441e-04 7.737948e+02 3.102204e+02 8.566110e+02
-4.188701e-04 7.524289e+02 3.016546e+02 8.329584e+02
-3.639070e-04 7.360652e+02 2.950943e+02 8.148433e+02
-3.074892e-04 7.235659e+02 2.900832e+02 8.010063e+02
-2.577858e-04 6.840915e+02 2.742576e+02 7.573071e+02
-2.229136e-04 6.576708e+02 2.636654e+02 7.280587e+02
-1.950179e-04 6.909923e+02 2.770243e+02 7.649465e+02
-1.720183e-04 7.285665e+02 2.920880e+02 8.065421e+02
-1.539914e-04 7.471214e+02 2.995268e+02 8.270828e+02
-1.361390e-04 7.667448e+02 3.073940e+02 8.488065e+02
-1.188963e-04 7.006708e+02 2.809044e+02 7.756609e+02
-1.036902e-04 7.047919e+02 2.825566e+02 7.802230e+02
-9.177888e-05 6.814124e+02 2.731836e+02 7.543413e+02
-8.246617e-05 7.026854e+02 2.817121e+02 7.778911e+02
-7.418670e-05 6.907203e+02 2.769152e+02 7.646454e+02
-6.769947e-05 7.031580e+02 2.819016e+02 7.784142e+02
-6.243190e-05 7.016175e+02 2.812840e+02 7.767089e+02
-5.729937e-05 7.059779e+02 2.830321e+02 7.815359e+02
-5.270204e-05 7.181091e+02 2.878956e+02 7.949655e+02
-4.831402e-05 7.079867e+02 2.838374e+02 7.837597e+02
-4.361491e-05 6.933937e+02 2.779870e+02 7.676048e+02
-3.993315e-05 6.680616e+02 2.678311e+02 7.395616e+02
-3.766094e-05 6.706009e+02 2.688491e+02 7.423726e+02
-3.603107e-05 7.089594e+02 2.842274e+02 7.848365e+02
-3.439561e-05 6.946857e+02 2.785049e+02 7.690351e+02
-3.278073e-05 6.762880e+02 2.711292e+02 7.486685e+02
-3.139165e-05 6.936794e+02 2.781015e+02 7.679211e+02
-3.040526e-05 7.193045e+02 2.883748e+02 7.962888e+02
-2.998741e-05 7.258634e+02 2.910043e+02 8.035496e+02
-2.981891e-05 6.946069e+02 2.784734e+02 7.689480e+02
-2.968915e-05 7.149658e+02 2.866354e+02 7.914857e+02
-2.985931e-05 7.545188e+02 3.024925e+02 8.352720e+02
-3.018973e-05 7.448463e+02 2.986147e+02 8.245643e+02
-3.042425e-05 7.418526e+02 2.974145e+02 8.212502e+02
-3.035292e-05 7.791203e+02 3.123554e+02 8.625064e+02
-2.972688e-05 7.640870e+02 3.063285e+02 8.458642e+02
-2.887407e-05 7.637496e+02 3.061932e+02 8.454907e+02
-2.811608e-05 7.203107e+02 2.887782e+02 7.974027e+02
-2.766784e-05 7.096499e+02 2.845042e+02 7.856010e+02
-2.741981e-05 7.307064e+02 2.929459e+02 8.089110e+02
-2.714823e-05 7.715290e+02 3.093120e+02 8.541027e+02
-2.679686e-05 7.492078e+02 3.003633e+02 8.293925e+02
-2.632630e-05 7.069452e+02 2.834199e+02 7.826068e+02
-2.582498e-05 7.200836e+02 2.886872e+02 7.971513e+02
-2.511323e-05 7.396507e+02 2.965318e+02 8.188126e+02
-2.441611e-05 7.792484e+02 3.124068e+02 8.626483e+02
-2.392118e-05 7.659645e+02 3.070812e+02 8.479427e+02
-2.368009e-05 7.593041e+02 3.044110e+02 8.405695e+02
-2.366539e-05 7.573855e+02 3.036418e+02 8.384455e+02
-2.339470e-05 7.942603e+02 3.184252e+02 8.792668e+02
-2.296920e-05 7.826904e+02 3.137867e+02 8.664587e+02
-2.251228e-05 7.484166e+02 3.000461e+02 8.285167e+02
-2.213912e-05 7.556046e+02 3.029278e+02 8.364740e+02
-2.193670e-05 7.477176e+02 2.997659e+02 8.277429e+02
-2.180857e-05 7.235880e+02 2.900921e+02 8.010308e+02
-2.191402e-05 7.458644e+02 2.990229e+02 8.256913e+02
-2.238247e-05 7.259776e+02 2.910501e+02 8.036762e+02
-2.267094e-05 7.481638e+02 2.999448e+02 8.282369e+02
-2.257473e-05 7.529387e+02 3.018590e+02 8.335227e+02
-2.245337e-05 7.515316e+02 3.012949e+02 8.319651e+02
-2.231870e-05 7.301201e+02 2.927109e+02 8.082620e+02
-2.219031e-05 7.401484e+02 2.967313e+02 8.193635e+02
-2.204608e-05 7.564727e+02 3.032759e+02 8.374350e+02
-2.184623e-05 7.219580e+02 2.894386e+02 7.992264e+02
-2.134141e-05 7.306258e+02 2.929136e+02 8.088217e+02
-2.064530e-05 7.368319e+02 2.954017e+02 8.156921e+02
-2.007345e-05 7.140491e+02 2.862679e+02 7.904710e+02
-1.956483e-05 7.016943e+02 2.813147e+02 7.767938e+02
-1.901657e-05 7.006724e+02 2.809051e+02 7.756626e+02
-1.859508e-05 6.999185e+02 2.806028e+02 7.748280e+02
-1.843908e-05 6.962428e+02 2.791292e+02 7.707590e+02
-1.853416e-05 7.399874e+02 2.966668e+02 8.191853e+02
-1.864915e-05 7.658558e+02 3.070376e+02 8.478224e+02
-1.850858e-05 7.736580e+02 3.101656e+02 8.564596e+02
-1.826566e-05 7.653499e+02 3.068348e+02 8.472623e+02
-1.814423e-05 7.597188e+02 3.045772e+02 8.410285e+02
-1.796507e-05 7.231941e+02 2.899342e+02 8.005947e+02
-1.769777e-05 7.229459e+02 2.898347e+02 8.003199e+02
-1.753585e-05 6.580237e+02 2.638069e+02 7.284494e+02
-1.732802e-05 6.587615e+02 2.641027e+02 7.292662e+02
-1.700807e-05 6.752887e+02 2.707285e+02 7.475621e+02
-1.665970e-05 6.501826e+02 2.606633e+02 7.197690e+02
-1.658068e-05 6.816110e+02 2.732632e+02 7.545612e+02
-1.680199e-05 6.629507e+02 2.657821e+02 7.339037e+02
-1.707040e-05 7.177096e+02 2.877354e+02 7.945232e+02
-1.746403e-05 7.047168e+02 2.825265e+02 7.801399e+02
-1.786351e-05 7.034959e+02 2.820370e+02 7.787882e+02
-1.823486e-05 7.458636e+02 2.990226e+02 8.256905e+02
-1.836744e-05 7.607205e+02 3.049788e+02 8.421375e+02
-1.841792e-05 7.929890e+02 3.179155e+02 8.778594e+02
-1.847460e-05 7.848797e+02 3.146645e+02 8.688823e+02
-1.830120e-05 8.199571e+02 3.287272e+02 9.077138e+02
-1.801167e-05 8.486734e+02 3.402398e+02 9.395036e+02
-1.779619e-05 7.896765e+02 3.165875e+02 8.741925e+02
-1.760463e-05 7.356802e+02 2.949399e+02 8.144171e+02
-1.714679e-05 7.626742e+02 3.057621e+02 8.443002e+02
-1.654998e-05 7.431084e+02 2.979180e+02 8.226404e+02
-1.593614e-05 7.292389e+02 2.923576e+02 8.072865e+02
-1.549719e-05 7.066138e+02 2.832870e+02 7.822398e+02
-1.538252e-05 7.143883e+02 2.864039e+02 7.908465e+02
-1.532892e-05 7.499963e+02 3.006794e+02 8.302654e+02
-1.523358e-05 7.024046e+02 2.815995e+02 7.775802e+02
-1.524167e-05 7.375541e+02 2.956912e+02 8.164916e+02
-1.548011e-05 7.541353e+02 3.023388e+02 8.348474e+02
-1.576300e-05 6.900670e+02 2.766533e+02 7.639222e+02
-1.583140e-05 7.057454e+02 2.829389e+02 7.812785e+02
-1.576296e-05 7.318910e+02 2.934209e+02 8.102224e+02
-1.549394e-05 7.530088e+02 3.018871e+02 8.336003e+02
-1.514934e-05 7.413659e+02 2.972194e+02 8.207114e+02
-1.481282e-05 7.496451e+02 3.005386e+02 8.298767e+02
-1.444710e-05 7.164775e+02 2.872414e+02 7.931592e+02
-1.409062e-05 7.145746e+02 2.864786e+02 7.910527e+02
-1.368647e-05 7.401082e+02 2.967152e+02 8.193190e+02
-1.330987e-05 7.479001e+02 2.998390e+02 8.279448e+02
-1.292104e-05 7.402725e+02 2.967810e+02 8.195009e+02
-1.255457e-05 7.005890e+02 2.808716e+02 7.755703e+02
-1.221432e-05 7.111783e+02 2.851170e+02 7.872929e+02
-1.188964e-05 7.322783e+02 2.935761e+02 8.106512e+02
-1.160219e-05 7.712013e+02 3.091807e+02 8.537400e+02
-1.131433e-05 7.382743e+02 2.959800e+02 8.172889e+02
-1.105783e-05 7.383609e+02 2.960147e+02 8.173847e+02
-1.083561e-05 7.132305e+02 2.859397e+02 7.895647e+02
-1.065870e-05 7.764542e+02 3.112866e+02 8.595550e+02
-1.052750e-05 7.278959e+02 2.918192e+02 8.057998e+02
-1.049716e-05 7.044810e+02 2.824320e+02 7.798789e+02
-1.058985e-05 7.413381e+02 2.972083e+02 8.206806e+02
-1.070595e-05 7.364464e+02 2.952471e+02 8.152653e+02
-1.083732e-05 7.640944e+02 3.063314e+02 8.458723e+02
-1.101926e-05 7.379660e+02 2.958564e+02 8.169476e+02
-1.119890e-05 7.505310e+02 3.008938e+02 8.308574e+02
-1.139231e-05 7.634854e+02 3.060873e+02 8.451983e+02
-1.160661e-05 7.362495e+02 2.951682e+02 8.150474e+02
-1.179496e-05 7.423338e+02 2.976074e+02 8.217829e+02
-1.196484e-05 7.225317e+02 2.896686e+02 7.998614e+02
-1.215783e-05 7.586504e+02 3.041489e+02 8.398457e+02
-1.234741e-05 7.392857e+02 2.963855e+02 8.184086e+02
-1.253634e-05 7.353976e+02 2.948267e+02 8.141043e+02
-1.277048e-05 7.348539e+02 2.946087e+02 8.135024e+02
-1.297550e-05 7.255952e+02 2.908968e+02 8.032528e+02
-1.310971e-05 7.437904e+02 2.981914e+02 8.233954e+02
-1.317169e-05 7.307857e+02 2.929777e+02 8.089988e+02
-1.312994e-05 7.035690e+02 2.820663e+02 7.788692e+02
-1.303317e-05 7.150383e+02 2.866645e+02 7.915661e+02
-1.294489e-05 7.004952e+02 2.808340e+02 7.754665e+02
-1.285170e-05 7.434325e+02 2.980479e+02 8.229991e+02
-1.278842e-05 7.846756e+02 3.145826e+02 8.686563e+02
-1.279289e-05 7.421298e+02 2.975257e+02 8.215570e+02
-1.279967e-05 8.295971e+02 3.325920e+02 9.183856e+02
-1.277890e-05 8.121244e+02 3.255870e+02 8.990428e+02
-1.277668e-05 8.139834e+02 3.263324e+02 9.011009e+02
-1.279201e-05 8.194787e+02 3.285354e+02 9.071842e+02
-1.274533e-05 8.287815e+02 3.322650e+02 9.174827e+02
-1.268875e-05 7.445258e+02 2.984862e+02 8.242095e+02
-1.276369e-05 7.859720e+02 3.151023e+02 8.700915e+02
-1.283079e-05 7.799368e+02 3.126828e+02 8.634104e+02
-1.282504e-05 7.929072e+02 3.178827e+02 8.777690e+02
-1.286583e-05 7.317867e+02 2.933790e+02 8.101069e+02
-1.293641e-05 7.692767e+02 3.084091e+02 8.516093e+02
-1.303267e-05 7.804386e+02 3.128840e+02 8.639658e+02
-1.316014e-05 7.442530e+02 2.983769e+02 8.239075e+02
-1.322893e-05 7.432108e+02 2.979590e+02 8.227537e+02
-1.320785e-05 7.233011e+02 2.899771e+02 8.007132e+02
-1.319903e-05 7.303897e+02 2.928190e+02 8.085604e+02
-1.327406e-05 7.628605e+02 3.058368e+02 8.445064e+02
-1.347123e-05 7.490403e+02 3.002962e+02 8.292072e+02
-1.377084e-05 7.360616e+02 2.950929e+02 8.148393e+02
-1.414372e-05 7.666009e+02 3.073363e+02 8.486472e+02
-1.461393e-05 8.112139e+02 3.252220e+02 8.980349e+02
-1.515497e-05 8.094702e+02 3.245230e+02 8.961046e+02
-1.573705e-05 7.887022e+02 3.161969e+02 8.731139e+02
-1.626243e-05 8.043990e+02 3.224899e+02 8.904907e+02
-1.670722e-05 7.755344e+02 3.109178e+02 8.585368e+02
-1.728634e-05 7.683305e+02 3.080297e+02 8.505618e+02
-1.792901e-05 7.648639e+02 3.066399e+02 8.467242e+02
-1.843920e-05 7.044304e+02 2.824117e+02 7.798227e+02
-1.899805e-05 6.833384e+02 2.739557e+02 7.564734e+02
-1.961195e-05 7.336003e+02 2.941061e+02 8.121147e+02
-1.984959e-05 7.441049e+02 2.983175e+02 8.237435e+02
-1.973821e-05 7.583464e+02 3.040270e+02 8.395092e+02
-1.976816e-05 7.758134e+02 3.110297e+02 8.588456e+02
-1.996773e-05 8.025903e+02 3.217648e+02 8.884884e+02
-1.997776e-05 7.584139e+02 3.040541e+02 8.395839e+02
-1.988516e-05 7.863199e+02 3.152418e+02 8.704766e+02
-1.974944e-05 8.308000e+02 3.330742e+02 9.197172e+02
-1.957825e-05 7.843155e+02 3.144382e+02 8.682577e+02
-1.923971e-05 8.266425e+02 3.314075e+02 9.151148e+02
-1.886468e-05 8.070850e+02 3.235667e+02 8.934642e+02
-1.849646e-05 7.722953e+02 3.096192e+02 8.549510e+02
-1.775918e-05 7.709047e+02 3.090618e+02 8.534116e+02
-1.696415e-05 7.655311e+02 3.069074e+02 8.474628e+02
