#E_pot  E_kin  T  P
-3.261071e-04 7.243388e+02 2.903931e+02 8.018619e+02
-2.982580e-04 7.831738e+02 3.139805e+02 8.669938e+02
-2.825587e-04 7.028873e+02 2.817930e+02 7.781145e+02
-2.730395e-04 7.026008e+02 2.816782e+02 7.777973e+02
-2.688967e-04 7.989650e+02 3.203113e+02 8.844750e+02
-2.895674e-04 7.890587e+02 3.163398e+02 8.735085e+02
-3.270150e-04 7.264093e+02 2.912232e+02 8.041541e+02
-3.569873e-04 7.267002e+02 2.913398e+02 8.044760e+02
-3.802336e-04 7.497558e+02 3.005830e+02 8.299992e+02
-3.801194e-04 7.761476e+02 3.111637e+02 8.592157e+02
-3.655479e-04 8.231160e+02 3.299937e+02 9.112109e+02
-3.776056e-04 8.441061e+02 3.384088e+02 9.344474e+02
-4.054966e-04 8.115814e+02 3.253693e+02 8.984417e+02
-4.260051e-04 7.573103e+02 3.036117e+02 8.383623e+02
-4.248478e-04 6.656406e+02 2.668605e+02 7.368815e+02
-3.948293e-04 6.950622e+02 2.786559e+02 7.694520e+02
-3.612235e-04 7.084666e+02 2.840298e+02 7.842910e+02
-3.689934e-04 7.101105e+02 2.846889e+02 7.861108e+02
-3.724803e-04 7.811882e+02 3.131845e+02 8.647957e+02
-3.543189e-04 7.175495e+02 2.876712e+02 7.943460e+02
-3.356426e-04 7.425285e+02 2.976855e+02 8.219984e+02
-3.044576e-04 7.728268e+02 3.098323e+02 8.555393e+02
-2.983997e-04 8.014698e+02 3.213155e+02 8.872479e+02
-3.140645e-04 7.705702e+02 3.089276e+02 8.530413e+02
-2.916186e-04 7.242891e+02 2.903732e+02 8.018069e+02
-2.626689e-04 8.007410e+02 3.210234e+02 8.864412e+02
-2.562061e-04 7.850371e+02 3.147275e+02 8.690565e+02
-2.593086e-04 6.764871e+02 2.712090e+02 7.488889e+02
-2.684367e-04 7.826070e+02 3.137533e+02 8.663664e+02
-2.701195e-04 7.577841e+02 3.038016e+02 8.388868e+02
-2.617724e-04 7.158715e+02 2.869985e+02 7.924884e+02
-2.587028e-04 7.503674e+02 3.008282e+02 8.306762e+02
-2.560773e-04 7.936956e+02 3.181988e+02 8.786417e+02
-2.593332e-04 7.748222e+02 3.106323e+02 8.577484e+02
-2.608444e-04 7.455353e+02 2.988910e+02 8.253270e+02
-2.693126e-04 6.794429e+02 2.723940e+02 7.521610e+02
-3.005195e-04 7.620419e+02 3.055086e+02 8.436002e+02
-3.211494e-04 7.861121e+02 3.151585e+02 8.702466e+02
-3.382180e-04 6.580321e+02 2.638102e+02 7.284587e+02
-3.273519e-04 6.847781e+02 2.745329e+02 7.580672e+02
-3.246280e-04 6.364140e+02 2.551434e+02 7.045269e+02
-3.286268e-04 7.203754e+02 2.888041e+02 7.974743e+02
-2.900511e-04 7.732365e+02 3.099966e+02 8.559929e+02
-2.621512e-04 7.326579e+02 2.937283e+02 8.110713e+02
-2.484013e-04 7.489956e+02 3.002782e+02 8.291577e+02
-2.431646e-04 7.748495e+02 3.106432e+02 8.577786e+02
-2.432437e-04 7.530172e+02 3.018905e+02 8.336097e+02
-2.468064e-04 7.069503e+02 2.834219e+02 7.826124e+02
-2.508494e-04 7.724169e+02 3.096680e+02 8.550857e+02
-2.567795e-04 7.432041e+02 2.979564e+02 8.227463e+02
-2.645632e-04 8.186485e+02 3.282026e+02 9.062652e+02
-2.569481e-04 7.290877e+02 2.922970e+02 8.071191e+02
-2.545955e-04 7.653961e+02 3.068533e+02 8.473134e+02
-2.508260e-04 8.424296e+02 3.377366e+02 9.325915e+02
-2.569969e-04 7.732218e+02 3.099907e+02 8.559767e+02
-2.765480e-04 8.452167e+02 3.388540e+02 9.356769e+02
-2.898305e-04 7.964136e+02 3.192885e+02 8.816506e+02
-2.988775e-04 7.672904e+02 3.076127e+02 8.494104e+02
-3.090588e-04 7.085744e+02 2.840730e+02 7.844103e+02
-3.214224e-04 7.705285e+02 3.089109e+02 8.529951e+02
-3.239031e-04 7.110110e+02 2.850499e+02 7.871077e+02
-3.390633e-04 6.444608e+02 2.583694e+02 7.134349e+02
-3.877307e-04 6.543143e+02 2.623197e+02 7.243429e+02
-4.147815e-04 7.872308e+02 3.156070e+02 8.714850e+02
-4.178494e-04 7.722390e+02 3.095967e+02 8.548887e+02
-4.148345e-04 7.414574e+02 2.972561e+02 8.208126e+02
-4.177077e-04 6.912034e+02 2.771089e+02 7.651801e+02
-4.038626e-04 7.290807e+02 2.922942e+02 8.071114e+02
-3.583394e-04 7.995999e+02 3.205659e+02 8.851780e+02
-3.637259e-04 7.854392e+02 3.148887e+02 8.695016e+02
-3.660781e-04 8.038564e+02 3.222723e+02 8.898900e+02
-3.515416e-04 8.006342e+02 3.209805e+02 8.863229e+02
-3.518908e-04 6.275469e+02 2.515885e+02 6.947107e+02
-3.731162e-04 6.574006e+02 2.635571e+02 7.277596e+02
-4.139605e-04 7.117695e+02 2.853540e+02 7.879474e+02
-4.404574e-04 7.483441e+02 3.000170e+02 8.284364e+02
-4.375659e-04 7.678058e+02 3.078194e+02 8.499810e+02
-4.236607e-04 7.504753e+02 3.008714e+02 8.307957e+02
-4.369411e-04 7.572788e+02 3.035990e+02 8.383273e+02
-4.523037e-04 7.957872e+02 3.190374e+02 8.809572e+02
-4.386407e-04 8.007739e+02 3.210365e+02 8.864776e+02
-3.960908e-04 7.495826e+02 3.005135e+02 8.298074e+02
-3.770903e-04 7.746682e+02 3.105706e+02 8.575778e+02
-3.537216e-04 6.879766e+02 2.758152e+02 7.616080e+02
-3.316360e-04 7.065062e+02 2.832439e+02 7.821207e+02
-3.368262e-04 7.403438e+02 2.968096e+02 8.195799e+02
-3.376771e-04 6.889099e+02 2.761894e+02 7.626412e+02
-3.423550e-04 8.572024e+02 3.436592e+02 9.489453e+02
-3.480917e-04 7.783826e+02 3.120597e+02 8.616899e+02
-3.511357e-04 7.686891e+02 3.081735e+02 8.509588e+02
-3.598152e-04 7.896174e+02 3.165638e+02 8.741270e+02
-3.749326e-04 7.873338e+02 3.156483e+02 8.715990e+02
-3.760043e-04 7.670954e+02 3.075346e+02 8.491946e+02
-3.778703e-04 7.611838e+02 3.051645e+02 8.426502e+02
-3.947581e-04 8.065227e+02 3.233413e+02 8.928416e+02
-4.053653e-04 7.575275e+02 3.036987e+02 8.386027e+02
-4.043190e-04 6.931572e+02 2.778922e+02 7.673431e+02
-3.913988e-04 8.117427e+02 3.254340e+02 8.986203e+02
-3.881848e-04 7.831325e+02 3.139640e+02 8.669480e+02
-4.099207e-04 7.584571e+02 3.040714e+02 8.396318e+02
-4.283472e-04 7.354776e+02 2.948587e+02 8.141929e+02
-4.502712e-04 7.114924e+02 2.852429e+02 7.876406e+02
-4.732653e-04 8.315916e+02 3.333916e+02 9.205935e+02
-4.692786e-04 7.169070e+02 2.874136e+02 7.936347e+02
-4.792837e-04 7.892197e+02 3.164044e+02 8.736867e+02
-4.907573e-04 7.523353e+02 3.016171e+02 8.328547e+02
-5.181695e-04 7.745759e+02 3.105336e+02 8.574757e+02
-5.515560e-04 6.938089e+02 2.781534e+02 7.680645e+02
-5.739826e-04 7.628503e+02 3.058327e+02 8.444952e+02
-5.833273e-04 7.106396e+02 2.849010e+02 7.866966e+02
-5.646300e-04 7.443614e+02 2.984203e+02 8.240275e+02
-5.458661e-04 6.555015e+02 2.627957e+02 7.256572e+02
-5.491481e-04 6.869746e+02 2.754135e+02 7.604988e+02
-5.435300e-04 6.820400e+02 2.734352e+02 7.550360e+02
-5.537926e-04 7.683269e+02 3.080283e+02 8.505578e+02
-5.809503e-04 7.589373e+02 3.042639e+02 8.401634e+02
-5.966064e-04 7.452920e+02 2.987934e+02 8.250577e+02
-6.305313e-04 7.183828e+02 2.880053e+02 7.952685e+02
-6.276562e-04 7.651583e+02 3.067580e+02 8.470502e+02
-6.150513e-04 7.005239e+02 2.808455e+02 7.754981e+02
-6.272049e-04 8.042850e+02 3.224442e+02 8.903644e+02
-5.679729e-04 7.358783e+02 2.950194e+02 8.146364e+02
-4.989415e-04 7.214910e+02 2.892514e+02 7.987094e+02
-4.687927e-04 7.822270e+02 3.136009e+02 8.659456e+02
-4.872058e-04 6.949409e+02 2.786072e+02 7.693176e+02
-4.984287e-04 8.011288e+02 3.211788e+02 8.868704e+02
-4.795830e-04 7.644751e+02 3.064841e+02 8.462938e+02
-4.940443e-04 8.166413e+02 3.273979e+02 9.040431e+02
-5.279004e-04 7.848382e+02 3.146478e+02 8.688363e+02
-5.734343e-04 7.390354e+02 2.962851e+02 8.181314e+02
-5.923964e-04 8.022678e+02 3.216355e+02 8.881313e+02
-5.869601e-04 7.855266e+02 3.149238e+02 8.695984e+02
-6.050036e-04 7.256334e+02 2.909121e+02 8.032950e+02
-6.151827e-04 7.422752e+02 2.975840e+02 8.217180e+02
-5.609710e-04 7.512792e+02 3.011937e+02 8.316857e+02
-5.658590e-04 8.067496e+02 3.234322e+02 8.930928e+02
-6.324751e-04 7.332866e+02 2.939803e+02 8.117673e+02
-6.222606e-04 7.094386e+02 2.844195e+02 7.853670e+02
-6.069650e-04 7.929491e+02 3.178995e+02 8.778154e+02
-5.775151e-04 8.386840e+02 3.362350e+02 9.284450e+02
-5.697750e-04 7.602657e+02 3.047965e+02 8.416339e+02
-6.089528e-04 7.269889e+02 2.914555e+02 8.047956e+02
-5.829474e-04 7.019344e+02 2.814110e+02 7.770597e+02
-5.599836e-04 7.458490e+02 2.990167e+02 8.256743e+02
-6.288769e-04 7.484219e+02 3.000482e+02 8.285225e+02
-6.962683e-04 7.343443e+02 2.944044e+02 8.129383e+02
-7.105230e-04 7.076744e+02 2.837122e+02 7.834140e+02
-7.194932e-04 7.260095e+02 2.910629e+02 8.037114e+02
-6.817051e-04 7.123665e+02 2.855933e+02 7.886083e+02
-7.027185e-04 8.381732e+02 3.360302e+02 9.278796e+02
-7.673063e-04 6.612479e+02 2.650995e+02 7.320187e+02
-7.471089e-04 7.495138e+02 3.004860e+02 8.297313e+02
-7.904921e-04 7.648126e+02 3.066194e+02 8.466675e+02
-8.661158e-04 7.364350e+02 2.952426e+02 8.152527e+02
-8.413678e-04 7.573071e+02 3.036104e+02 8.383587e+02
-8.740692e-04 7.535621e+02 3.021090e+02 8.342129e+02
-9.237476e-04 7.216243e+02 2.893048e+02 7.988568e+02
-9.206163e-04 7.223139e+02 2.895813e+02 7.996203e+02
-9.426168e-04 7.674331e+02 3.076699e+02 8.495684e+02
-9.810108e-04 7.896968e+02 3.165957e+02 8.742150e+02
-9.944732e-04 7.889349e+02 3.162902e+02 8.733715e+02
-8.967494e-04 7.321982e+02 2.935440e+02 8.105625e+02
-8.559649e-04 7.358165e+02 2.949946e+02 8.145680e+02
-8.349397e-04 7.020906e+02 2.814736e+02 7.772326e+02
-8.394910e-04 7.549862e+02 3.026799e+02 8.357894e+02
-9.068705e-04 7.603627e+02 3.048354e+02 8.417413e+02
-8.658250e-04 7.419967e+02 2.974723e+02 8.214096e+02
-7.976403e-04 7.260019e+02 2.910599e+02 8.037031e+02
-7.671080e-04 7.406580e+02 2.969356e+02 8.199277e+02
-8.381247e-04 7.469188e+02 2.994456e+02 8.268585e+02
-9.819876e-04 8.000036e+02 3.207277e+02 8.856249e+02
-1.034718e-03 7.780771e+02 3.119372e+02 8.613516e+02
-1.029428e-03 7.196315e+02 2.885059e+02 7.966509e+02
-9.426247e-04 7.228614e+02 2.898008e+02 8.002264e+02
-8.699814e-04 6.971150e+02 2.794789e+02 7.717245e+02
-8.314773e-04 7.658339e+02 3.070288e+02 8.477981e+02
-7.550041e-04 6.544093e+02 2.623578e+02 7.244482e+02
-7.003900e-04 7.533528e+02 3.020251e+02 8.339812e+02
-7.175091e-04 8.290498e+02 3.323726e+02 9.177797e+02
-7.746677e-04 7.599430e+02 3.046671e+02 8.412767e+02
-8.138906e-04 6.873389e+02 2.755596e+02 7.609021e+02
-8.363553e-04 7.621036e+02 3.055333e+02 8.436686e+02
-8.653980e-04 6.534517e+02 2.619739e+02 7.233881e+02
-8.454106e-04 7.969045e+02 3.194853e+02 8.821940e+02
-7.678056e-04 7.987180e+02 3.202123e+02 8.842017e+02
-7.424577e-04 7.245884e+02 2.904932e+02 8.021383e+02
-7.394660e-04 6.825496e+02 2.736395e+02 7.556002e+02
-7.892206e-04 7.372199e+02 2.955572e+02 8.161216e+02
-8.445252e-04 7.125725e+02 2.856759e+02 7.888364e+02
-8.059404e-04 7.638971e+02 3.062523e+02 8.456540e+02
-7.684960e-04 8.262504e+02 3.312503e+02 9.146807e+02
-8.670052e-04 7.359839e+02 2.950617e+02 8.147533e+02
-8.937316e-04 7.556371e+02 3.029409e+02 8.365100e+02
-7.597371e-04 7.795194e+02 3.125155e+02 8.629483e+02
-7.407702e-04 7.628848e+02 3.058465e+02 8.445333e+02
-7.449640e-04 7.879524e+02 3.158963e+02 8.722838e+02
-7.124786e-04 7.317897e+02 2.933802e+02 8.101102e+02
-7.048435e-04 8.271123e+02 3.315958e+02 9.156348e+02
-7.361375e-04 7.805286e+02 3.129200e+02 8.640655e+02
-8.216924e-04 7.488633e+02 3.002252e+02 8.290112e+02
-9.241977e-04 7.486618e+02 3.001444e+02 8.287881e+02
-8.992826e-04 7.481940e+02 2.999568e+02 8.282702e+02
-7.883094e-04 7.044178e+02 2.824066e+02 7.798089e+02
-7.870996e-04 7.564633e+02 3.032721e+02 8.374246e+02
-8.051212e-04 6.907803e+02 2.769393e+02 7.647118e+02
-7.659182e-04 7.076650e+02 2.837085e+02 7.834036e+02
-7.775749e-04 7.024878e+02 2.816329e+02 7.776723e+02
-7.307187e-04 7.291041e+02 2.923036e+02 8.071372e+02
-6.588808e-04 7.069012e+02 2.834022e+02 7.825580e+02
-6.856681e-04 7.403724e+02 2.968211e+02 8.196116e+02
-7.909723e-04 7.568909e+02 3.034435e+02 8.378980e+02
-8.634514e-04 8.527449e+02 3.418721e+02 9.440108e+02
-8.310862e-04 7.148204e+02 2.865771e+02 7.913248e+02
-8.116328e-04 7.916893e+02 3.173945e+02 8.764207e+02
-8.370978e-04 6.913647e+02 2.771735e+02 7.653588e+02
-9.122038e-04 7.271710e+02 2.915286e+02 8.049973e+02
-1.024545e-03 7.515561e+02 3.013047e+02 8.319922e+02
-1.199904e-03 7.171791e+02 2.875227e+02 7.939359e+02
-1.310481e-03 8.140841e+02 3.263727e+02 9.012123e+02
-1.368580e-03 7.720761e+02 3.095314e+02 8.547084e+02
-1.544759e-03 7.716929e+02 3.093777e+02 8.542841e+02
-1.583067e-03 6.939245e+02 2.781998e+02 7.681925e+02
-1.588697e-03 7.952380e+02 3.188172e+02 8.803492e+02
-1.491871e-03 7.820659e+02 3.135363e+02 8.657673e+02
-1.494936e-03 7.787224e+02 3.121959e+02 8.620660e+02
-1.433062e-03 8.093746e+02 3.244846e+02 8.959987e+02
-1.217499e-03 7.809486e+02 3.130884e+02 8.645304e+02
-1.127721e-03 7.807937e+02 3.130263e+02 8.643590e+02
-1.026378e-03 7.216096e+02 2.892989e+02 7.988406e+02
-1.043984e-03 7.072196e+02 2.835299e+02 7.829105e+02
-1.029049e-03 7.134463e+02 2.860262e+02 7.898036e+02
-9.404788e-04 7.628073e+02 3.058154e+02 8.444476e+02
-9.179864e-04 7.642448e+02 3.063917e+02 8.460389e+02
-9.188028e-04 6.901593e+02 2.766903e+02 7.640243e+02
-8.649516e-04 7.530075e+02 3.018866e+02 8.335989e+02
-8.039592e-04 7.863806e+02 3.152661e+02 8.705438e+02
-8.572952e-04 7.316671e+02 2.933311e+02 8.099745e+02
-8.950937e-04 6.943434e+02 2.783677e+02 7.686562e+02
-8.471437e-04 7.192775e+02 2.883640e+02 7.962590e+02
-8.626270e-04 7.282151e+02 2.919472e+02 8.061531e+02
-8.969103e-04 7.331222e+02 2.939145e+02 8.115854e+02
-8.032435e-04 7.552571e+02 3.027885e+02 8.360893e+02
-8.156372e-04 7.242992e+02 2.903772e+02 8.018181e+02
-9.483129e-04 7.073356e+02 2.835764e+02 7.830390e+02
-1.017381e-03 7.786517e+02 3.121676e+02 8.619877e+02
-1.083634e-03 7.568065e+02 3.034097e+02 8.378045e+02
-1.025106e-03 7.713032e+02 3.092215e+02 8.538528e+02
-9.478237e-04 8.166030e+02 3.273825e+02 9.040007e+02
-1.005238e-03 7.257644e+02 2.909646e+02 8.034401e+02
-1.125134e-03 7.279146e+02 2.918267e+02 8.058204e+02
-1.361925e-03 7.017032e+02 2.813183e+02 7.768037e+02
-1.550292e-03 6.947063e+02 2.785132e+02 7.690580e+02
-1.580223e-03 8.179226e+02 3.279116e+02 9.054616e+02
-1.603139e-03 6.718184e+02 2.693373e+02 7.437205e+02
-1.562151e-03 7.826055e+02 3.137527e+02 8.663647e+02
-1.598270e-03 6.844427e+02 2.743985e+02 7.576959e+02
-1.446225e-03 7.312838e+02 2.931774e+02 8.095502e+02
-1.237494e-03 7.293767e+02 2.924128e+02 8.074390e+02
-1.212788e-03 6.878897e+02 2.757804e+02 7.615119e+02
-1.289767e-03 7.220451e+02 2.894735e+02 7.993227e+02
-1.379384e-03 7.445442e+02 2.984936e+02 8.242298e+02
-1.267369e-03 7.859119e+02 3.150783e+02 8.700250e+02
-1.145967e-03 7.798672e+02 3.126549e+02 8.633333e+02
-1.248752e-03 7.144474e+02 2.864276e+02 7.909119e+02
-1.412970e-03 6.977859e+02 2.797478e+02 7.724671e+02
-1.562627e-03 7.200803e+02 2.886859e+02 7.971477e+02
-1.904901e-03 7.428369e+02 2.978091e+02 8.223398e+02
-1.988309e-03 7.086260e+02 2.840937e+02 7.844675e+02
-2.183816e-03 7.104672e+02 2.848319e+02 7.865057e+02
-2.493909e-03 8.281116e+02 3.319964e+02 9.167411e+02
-2.738767e-03 7.320776e+02 2.934957e+02 8.104290e+02
-2.659303e-03 7.477154e+02 2.997650e+02 8.277404e+02
-2.196786e-03 7.632968e+02 3.060117e+02 8.449894e+02
-2.474444e-03 7.534372e+02 3.020589e+02 8.340746e+02
-2.387428e-03 7.228060e+02 2.897786e+02 8.001651e+02
-2.146406e-03 7.764318e+02 3.112776e+02 8.595303e+02
-1.968551e-03 7.655629e+02 3.069202e+02 8.474981e+02
-1.422650e-03 7.280547e+02 2.918828e+02 8.059755e+02
-1.241739e-03 7.664726e+02 3.072849e+02 8.485051e+02
-1.331000e-03 6.872982e+02 2.755432e+02 7.608570e+02
-1.396418e-03 7.907601e+02 3.170219e+02 8.753920e+02
-1.338239e-03 7.546305e+02 3.025373e+02 8.353956e+02
-1.346554e-03 7.700444e+02 3.087168e+02 8.524592e+02
-1.395337e-03 7.778351e+02 3.118402e+02 8.610837e+02
-1.336946e-03 6.696894e+02 2.684837e+02 7.413636e+02
-1.241742e-03 7.463710e+02 2.992260e+02 8.262521e+02
-1.138990e-03 7.587644e+02 3.041946e+02 8.399719e+02
-1.121363e-03 7.875848e+02 3.157489e+02 8.718768e+02
-1.224993e-03 7.290285e+02 2.922732e+02 8.070535e+02
-1.271049e-03 7.002650e+02 2.807417e+02 7.752116e+02
-1.291843e-03 7.910313e+02 3.171307e+02 8.756922e+02
-1.462932e-03 7.754788e+02 3.108956e+02 8.584753e+02
-1.614069e-03 7.269672e+02 2.914468e+02 8.047716e+02
-1.459935e-03 7.597093e+02 3.045734e+02 8.410180e+02
-1.381478e-03 7.198020e+02 2.885743e+02 7.968395e+02
-1.484835e-03 7.246442e+02 2.905155e+02 8.022000e+02
-1.552439e-03 7.063167e+02 2.831679e+02 7.819109e+02
-2.031557e-03 7.845655e+02 3.145385e+02 8.685344e+02
-2.647532e-03 7.774858e+02 3.117002e+02 8.606971e+02
-2.832136e-03 7.122608e+02 2.855509e+02 7.884912e+02
-2.891864e-03 7.068247e+02 2.833716e+02 7.824733e+02
-3.011970e-03 6.852836e+02 2.747356e+02 7.586267e+02
-2.937614e-03 7.871490e+02 3.155742e+02 8.713945e+02
-3.142998e-03 7.575079e+02 3.036909e+02 8.385810e+02
-3.871516e-03 8.015492e+02 3.213474e+02 8.873358e+02
-4.276650e-03 7.082249e+02 2.839329e+02 7.840234e+02
-4.700413e-03 7.774372e+02 3.116807e+02 8.606432e+02
-5.308771e-03 7.493510e+02 3.004207e+02 8.295510e+02
-6.259697e-03 7.733838e+02 3.100556e+02 8.561560e+02
-8.429421e-03 6.953032e+02 2.787525e+02 7.697188e+02
-7.831063e-03 8.254440e+02 3.309270e+02 9.137880e+02
-5.998266e-03 7.533654e+02 3.020301e+02 8.339951e+02
-6.497330e-03 7.496374e+02 3.005355e+02 8.298681e+02
-8.777571e-03 7.896980e+02 3.165961e+02 8.742162e+02
-1.005326e-02 7.812838e+02 3.132228e+02 8.649015e+02
-1.028399e-02 6.966267e+02 2.792831e+02 7.711839e+02
-1.196730e-02 7.720690e+02 3.095285e+02 8.547005e+02
-9.770802e-03 6.769051e+02 2.713766e+02 7.493516e+02
-7.374646e-03 8.003996e+02 3.208865e+02 8.860632e+02
-6.505893e-03 7.539947e+02 3.022824e+02 8.346918e+02
-6.817795e-03 6.589213e+02 2.641667e+02 7.294431e+02
-8.061535e-03 7.863584e+02 3.152573e+02 8.705192e+02
-8.969243e-03 7.682019e+02 3.079782e+02 8.504195e+02
-8.053891e-03 7.249738e+02 2.906477e+02 8.025648e+02
-6.725973e-03 7.512607e+02 3.011863e+02 8.316652e+02
-6.108058e-03 8.298427e+02 3.326905e+02 9.186575e+02
-5.287116e-03 7.061504e+02 2.831012e+02 7.817269e+02
-4.937954e-03 7.514494e+02 3.012620e+02 8.318740e+02
-5.711919e-03 7.701067e+02 3.087418e+02 8.525282e+02
-7.911756e-03 7.828143e+02 3.138364e+02 8.665958e+02
-9.551787e-03 7.055456e+02 2.828588e+02 7.810574e+02
-1.157626e-02 7.720080e+02 3.095041e+02 8.546330e+02
-1.441360e-02 8.058789e+02 3.230832e+02 8.921289e+02
-1.712468e-02 6.991613e+02 2.802992e+02 7.739898e+02
-2.170528e-02 6.890705e+02 2.762538e+02 7.628190e+02
-2.011039e-02 8.404659e+02 3.369494e+02 9.304176e+02
-2.128383e-02 7.449047e+02 2.986382e+02 8.246289e+02
-3.152128e-02 7.997420e+02 3.206228e+02 8.853352e+02
-3.757341e-02 7.887385e+02 3.162115e+02 8.731541e+02
-2.790350e-02 7.447393e+02 2.985718e+02 8.244458e+02
-1.903038e-02 7.377280e+02 2.957609e+02 8.166841e+02
-1.699224e-02 7.454998e+02 2.988767e+02 8.252877e+02
-1.561756e-02 7.760728e+02 3.111337e+02 8.591328e+02
-1.253905e-02 7.255422e+02 2.908756e+02 8.031941e+02
-8.756604e-03 7.779760e+02 3.118967e+02 8.612397e+02
-7.404711e-03 7.301219e+02 2.927116e+02 8.082640e+02
-7.142789e-03 7.648751e+02 3.066444e+02 8.467366e+02
-5.875299e-03 7.536901e+02 3.021603e+02 8.343546e+02
-5.015299e-03 7.729435e+02 3.098791e+02 8.556686e+02
-4.538830e-03 7.744160e+02 3.104695e+02 8.572987e+02
-3.705118e-03 7.411557e+02 2.971352e+02 8.204787e+02
-3.176340e-03 7.056730e+02 2.829098e+02 7.811984e+02
-3.222685e-03 7.529709e+02 3.018720e+02 8.335584e+02
-2.709680e-03 7.152271e+02 2.867401e+02 7.917750e+02
-2.116408e-03 7.877567e+02 3.158179e+02 8.720672e+02
-1.839585e-03 7.293579e+02 2.924053e+02 8.074182e+02
-1.655789e-03 7.132153e+02 2.859336e+02 7.895479e+02
-1.442788e-03 7.150153e+02 2.866553e+02 7.915406e+02
-1.328029e-03 7.635452e+02 3.061113e+02 8.452644e+02
-1.305447e-03 7.258756e+02 2.910092e+02 8.035632e+02
-1.194080e-03 7.374402e+02 2.956456e+02 8.163655e+02
-1.098050e-03 6.773168e+02 2.715416e+02 7.498073e+02
-1.072332e-03 7.338548e+02 2.942082e+02 8.123964e+02
-1.009351e-03 6.966033e+02 2.792737e+02 7.711579e+02
-9.936913e-04 6.864773e+02 2.752142e+02 7.599483e+02
-1.111345e-03 8.180032e+02 3.279439e+02 9.055509e+02
-1.078026e-03 7.116783e+02 2.853174e+02 7.878464e+02
-9.713419e-04 8.154719e+02 3.269291e+02 9.027486e+02
-1.065468e-03 7.459182e+02 2.990445e+02 8.257509e+02
-1.169994e-03 6.979682e+02 2.798209e+02 7.726690e+02
-1.177880e-03 6.929406e+02 2.778053e+02 7.671033e+02
-1.035634e-03 8.003867e+02 3.208813e+02 8.860490e+02
-9.645337e-04 7.818264e+02 3.134403e+02 8.655021e+02
-9.644943e-04 7.268310e+02 2.913923e+02 8.046209e+02
-9.698706e-04 8.082826e+02 3.240468e+02 8.947899e+02
-9.332737e-04 7.498294e+02 3.006125e+02 8.300806e+02
-8.218648e-04 7.355786e+02 2.948993e+02 8.143047e+02
-7.131042e-04 7.382740e+02 2.959798e+02 8.172885e+02
-6.463448e-04 7.308454e+02 2.930017e+02 8.090649e+02
-6.089648e-04 7.587910e+02 3.042052e+02 8.400013e+02
-5.936441e-04 7.655561e+02 3.069174e+02 8.474905e+02
-6.290429e-04 7.790925e+02 3.123443e+02 8.624757e+02
-6.353067e-04 7.357453e+02 2.949661e+02 8.144892e+02
-6.445941e-04 6.746691e+02 2.704801e+02 7.468762e+02
-7.082081e-04 7.786008e+02 3.121472e+02 8.619313e+02
-7.712050e-04 7.236358e+02 2.901113e+02 8.010836e+02
-7.813250e-04 7.657216e+02 3.069838e+02 8.476738e+02
-8.408269e-04 7.187761e+02 2.881630e+02 7.957038e+02
-8.237926e-04 7.155566e+02 2.868722e+02 7.921398e+02
-7.126698e-04 7.259740e+02 2.910487e+02 8.036721e+02
-7.459430e-04 7.871363e+02 3.155691e+02 8.713803e+02
-7.977939e-04 7.456052e+02 2.989190e+02 8.254043e+02
-7.940575e-04 7.591059e+02 3.043315e+02 8.403500e+02
-8.022294e-04 7.577157e+02 3.037742e+02 8.388110e+02
-7.920276e-04 7.300337e+02 2.926762e+02 8.081663e+02
-7.283796e-04 7.374010e+02 2.956299e+02 8.163221e+02
-7.085065e-04 7.267306e+02 2.913520e+02 8.045097e+02
-6.906739e-04 7.783190e+02 3.120342e+02 8.616194e+02
-5.869151e-04 7.245371e+02 2.904726e+02 8.020815e+02
-5.118251e-04 7.618032e+02 3.054129e+02 8.433360e+02
-4.915764e-04 6.550911e+02 2.626312e+02 7.252030e+02
-5.063317e-04 7.837131e+02 3.141967e+02 8.675908e+02
-4.805164e-04 6.918661e+02 2.773745e+02 7.659138e+02
-4.154284e-04 8.481505e+02 3.400302e+02 9.389247e+02
-3.799189e-04 7.843522e+02 3.144529e+02 8.682983e+02
-3.579777e-04 7.148304e+02 2.865811e+02 7.913359e+02
-3.377229e-04 6.859381e+02 2.749980e+02 7.593513e+02
-3.472204e-04 7.528787e+02 3.018350e+02 8.334563e+02
-3.473264e-04 8.075697e+02 3.237611e+02 8.940007e+02
-3.444317e-04 7.196203e+02 2.885014e+02 7.966384e+02
-3.678057e-04 7.752014e+02 3.107843e+02 8.581682e+02
-4.056334e-04 8.238478e+02 3.302870e+02 9.120209e+02
-4.282486e-04 7.591469e+02 3.043479e+02 8.403953e+02
-4.443633e-04 7.501209e+02 3.007293e+02 8.304033e+02
-4.594943e-04 8.179404e+02 3.279187e+02 9.054814e+02
-4.490405e-04 8.307451e+02 3.330522e+02 9.196565e+02
-4.344408e-04 8.125767e+02 3.257684e+02 8.995435e+02
-4.178564e-04 7.617931e+02 3.054088e+02 8.433248e+02
-4.315076e-04 7.269714e+02 2.914486e+02 8.047763e+02
-4.355524e-04 8.257128e+02 3.310348e+02 9.140856e+02
-4.143347e-04 7.791794e+02 3.123791e+02 8.625719e+02
-4.187091e-04 6.924662e+02 2.776151e+02 7.665782e+02
-4.436190e-04 7.322770e+02 2.935756e+02 8.106498e+02
-4.868927e-04 8.039410e+02 3.223063e+02 8.899836e+02
-5.153089e-04 7.149506e+02 2.866293e+02 7.914689e+02
-5.228632e-04 7.132396e+02 2.859434e+02 7.895749e+02
-5.151400e-04 7.382068e+02 2.959529e+02 8.172142e+02
-5.271539e-04 7.409018e+02 2.970333e+02 8.201976e+02
-5.812303e-04 7.258316e+02 2.909916e+02 8.035145e+02
-5.841665e-04 7.177760e+02 2.877620e+02 7.945967e+02
-5.615469e-04 6.727600e+02 2.697148e+02 7.447628e+02
-5.300107e-04 7.226996e+02 2.897359e+02 8.000473e+02
-5.022453e-04 7.119863e+02 2.854409e+02 7.881874e+02
-5.250791e-04 7.526886e+02 3.017588e+02 8.332458e+02
-5.776807e-04 7.668462e+02 3.074347e+02 8.489187e+02
-5.769103e-04 7.850474e+02 3.147317e+02 8.690679e+02
-5.833904e-04 6.975894e+02 2.796691e+02 7.722497e+02
-6.177388e-04 7.552439e+02 3.027832e+02 8.360747e+02
-6.168263e-04 7.661780e+02 3.071668e+02 8.481790e+02
-5.951959e-04 7.428213e+02 2.978029e+02 8.223225e+02
-5.438042e-04 6.763148e+02 2.711399e+02 7.486981e+02
-5.197763e-04 7.013053e+02 2.811588e+02 7.763632e+02
-5.253948e-04 7.420292e+02 2.974853e+02 8.214456e+02
-5.408256e-04 6.988261e+02 2.801649e+02 7.736187e+02
-5.387106e-04 7.056738e+02 2.829102e+02 7.811992e+02
-5.592652e-04 8.062304e+02 3.232241e+02 8.925180e+02
-5.920869e-04 7.839794e+02 3.143035e+02 8.678856e+02
-6.081373e-04 7.055534e+02 2.828619e+02 7.810660e+02
-6.406517e-04 7.536383e+02 3.021395e+02 8.342972e+02
-6.827484e-04 7.154154e+02 2.868156e+02 7.919835e+02
-7.389111e-04 7.937213e+02 3.182091e+02 8.786701e+02
-7.331060e-04 7.976925e+02 3.198012e+02 8.830663e+02
-7.525325e-04 7.237863e+02 2.901716e+02 8.012503e+02
-7.946620e-04 7.615750e+02 3.053214e+02 8.430834e+02
-7.384906e-04 6.371157e+02 2.554247e+02 7.053037e+02
-7.229071e-04 7.478138e+02 2.998044e+02 8.278493e+02
-7.840545e-04 7.419853e+02 2.974677e+02 8.213971e+02
-8.513655e-04 8.192783e+02 3.284551e+02 9.069624e+02
-8.598398e-04 7.393474e+02 2.964102e+02 8.184769e+02
-8.685272e-04 8.102479e+02 3.248348e+02 8.969655e+02
-8.957086e-04 7.935051e+02 3.181224e+02 8.784308e+02
-8.706239e-04 7.689234e+02 3.082674e+02 8.512182e+02
-8.315950e-04 7.221450e+02 2.895136e+02 7.994334e+02
-8.527236e-04 8.427339e+02 3.378586e+02 9.329284e+02
-9.515684e-04 7.356521e+02 2.949287e+02 8.143861e+02
-1.072642e-03 7.416423e+02 2.973302e+02 8.210173e+02
-1.060191e-03 7.279587e+02 2.918444e+02 8.058693e+02
-1.080492e-03 7.418763e+02 2.974241e+02 8.212764e+02
-1.215014e-03 7.374004e+02 2.956296e+02 8.163215e+02
-1.220629e-03 7.617217e+02 3.053802e+02 8.432457e+02
-1.147845e-03 7.228361e+02 2.897907e+02 8.001984e+02
-1.075413e-03 7.054360e+02 2.828148e+02 7.809360e+02
-1.089736e-03 7.168054e+02 2.873729e+02 7.935223e+02
-1.050611e-03 7.343756e+02 2.944169e+02 8.129729e+02
-8.861110e-04 7.654601e+02 3.068789e+02 8.473842e+02
-9.214376e-04 7.590843e+02 3.043229e+02 8.403261e+02
-1.037859e-03 7.637290e+02 3.061850e+02 8.454679e+02
-1.058433e-03 7.676770e+02 3.077677e+02 8.498384e+02
-1.165319e-03 7.635493e+02 3.061129e+02 8.452689e+02
-1.180775e-03 7.911775e+02 3.171893e+02 8.758541e+02
-1.065298e-03 7.172932e+02 2.875685e+02 7.940623e+02
-1.056595e-03 7.018271e+02 2.813680e+02 7.769409e+02
-1.257022e-03 7.474494e+02 2.996583e+02 8.274459e+02
-1.512880e-03 6.875679e+02 2.756514e+02 7.611556e+02
-1.487228e-03 8.384944e+02 3.361590e+02 9.282352e+02
-1.362440e-03 8.029709e+02 3.219173e+02 8.889097e+02
-1.356984e-03 6.879298e+02 2.757964e+02 7.615562e+02
-1.617270e-03 7.374760e+02 2.956599e+02 8.164051e+02
-1.892095e-03 7.236589e+02 2.901205e+02 8.011092e+02
-2.109764e-03 7.789665e+02 3.122938e+02 8.623363e+02
-2.335294e-03 8.256841e+02 3.310232e+02 9.140538e+02
-2.277263e-03 7.925257e+02 3.177298e+02 8.773466e+02
-2.458083e-03 6.804011e+02 2.727781e+02 7.532217e+02
-2.867695e-03 7.618966e+02 3.054503e+02 8.434394e+02
-2.750730e-03 7.829084e+02 3.138741e+02 8.667000e+02
-2.316081e-03 7.758891e+02 3.110600e+02 8.589295e+02
-2.115607e-03 7.105426e+02 2.848621e+02 7.865891e+02
-1.633988e-03 7.782954e+02 3.120248e+02 8.615933e+02
-1.473824e-03 7.335319e+02 2.940787e+02 8.120389e+02
-1.726770e-03 6.850731e+02 2.746512e+02 7.583937e+02
-1.995356e-03 6.820257e+02 2.734295e+02 7.550202e+02
-2.552183e-03 7.680714e+02 3.079259e+02 8.502751e+02
-2.640382e-03 7.923313e+02 3.176518e+02 8.771313e+02
-2.426343e-03 7.169636e+02 2.874364e+02 7.936974e+02
-2.656657e-03 8.216572e+02 3.294088e+02 9.095959e+02
-2.712248e-03 7.515288e+02 3.012938e+02 8.319620e+02
-2.468948e-03 7.302925e+02 2.927800e+02 8.084528e+02
-2.261588e-03 7.448542e+02 2.986179e+02 8.245730e+02
-2.413907e-03 8.300936e+02 3.327910e+02 9.189352e+02
-2.474382e-03 7.371359e+02 2.955236e+02 8.160286e+02
-2.364856e-03 7.599709e+02 3.046783e+02 8.413075e+02
-2.202943e-03 8.071287e+02 3.235842e+02 8.935125e+02
-1.961851e-03 7.116767e+02 2.853168e+02 7.878447e+02
-1.873516e-03 7.699098e+02 3.086629e+02 8.523102e+02
-1.914325e-03 7.475055e+02 2.996808e+02 8.275080e+02
-1.928470e-03 7.523976e+02 3.016421e+02 8.329237e+02
-1.790134e-03 7.801453e+02 3.127664e+02 8.636411e+02
-1.652985e-03 7.504002e+02 3.008413e+02 8.307125e+02
-1.487227e-03 7.366309e+02 2.953211e+02 8.154696e+02
-1.373092e-03 7.415877e+02 2.973083e+02 8.209569e+02
-1.491128e-03 7.406288e+02 2.969239e+02 8.198953e+02
-1.620525e-03 7.613520e+02 3.052320e+02 8.428365e+02
-1.536915e-03 7.407925e+02 2.969895e+02 8.200766e+02
-1.449671e-03 7.322799e+02 2.935768e+02 8.106529e+02
-1.387105e-03 6.925831e+02 2.776620e+02 7.667075e+02
-1.382893e-03 7.640633e+02 3.063190e+02 8.458380e+02
-1.416567e-03 7.017833e+02 2.813504e+02 7.768924e+02
-1.398826e-03 6.818491e+02 2.733587e+02 7.548247e+02
-1.457942e-03 6.954958e+02 2.788297e+02 7.699320e+02
-1.568318e-03 7.577470e+02 3.037867e+02 8.388457e+02
-1.406475e-03 7.878247e+02 3.158451e+02 8.721425e+02
-1.196093e-03 7.656005e+02 3.069353e+02 8.475397e+02
-1.159560e-03 7.547193e+02 3.025729e+02 8.354939e+02
-1.178288e-03 7.192569e+02 2.883557e+02 7.962361e+02
-1.215749e-03 7.547875e+02 3.026002e+02 8.355694e+02
-1.293943e-03 7.735980e+02 3.101415e+02 8.563932e+02
-1.286947e-03 7.787900e+02 3.122230e+02 8.621409e+02
-1.178712e-03 8.078092e+02 3.238570e+02 8.942658e+02
-1.026173e-03 8.802696e+02 3.529070e+02 9.744814e+02
-9.663269e-04 7.159292e+02 2.870216e+02 7.925522e+02
-1.036733e-03 8.089129e+02 3.242995e+02 8.954877e+02
-1.156015e-03 7.446316e+02 2.985287e+02 8.243266e+02
-1.130084e-03 7.306320e+02 2.929161e+02 8.088287e+02
-1.026075e-03 7.329226e+02 2.938344e+02 8.113644e+02
-9.915440e-04 7.453779e+02 2.988278e+02 8.251527e+02
-1.025139e-03 7.573519e+02 3.036283e+02 8.384083e+02
-1.060372e-03 7.775506e+02 3.117261e+02 8.607688e+02
-1.058393e-03 7.796100e+02 3.125518e+02 8.630485e+02
-1.064508e-03 7.599702e+02 3.046780e+02 8.413068e+02
-1.063619e-03 6.902618e+02 2.767314e+02 7.641378e+02
-1.090833e-03 7.933048e+02 3.180421e+02 8.782090e+02
-1.179222e-03 7.799405e+02 3.126843e+02 8.634144e+02
-1.211920e-03 7.540330e+02 3.022977e+02 8.347341e+02
-1.176910e-03 6.936904e+02 2.781059e+02 7.679334e+02
-1.105400e-03 7.158136e+02 2.869753e+02 7.924242e+02
-1.052045e-03 6.849836e+02 2.746153e+02 7.582947e+02
-1.066807e-03 7.681500e+02 3.079574e+02 8.503620e+02
-1.064879e-03 7.886513e+02 3.161765e+02 8.730575e+02
-1.041971e-03 7.507021e+02 3.009624e+02 8.310468e+02
-9.901941e-04 6.844752e+02 2.744115e+02 7.577318e+02
-9.564742e-04 7.762376e+02 3.111997e+02 8.593152e+02
-9.338217e-04 7.581895e+02 3.039641e+02 8.393355e+02
-8.663519e-04 7.424873e+02 2.976690e+02 8.219528e+02
-8.542364e-04 7.495538e+02 3.005020e+02 8.297756e+02
-9.028086e-04 7.400805e+02 2.967041e+02 8.192883e+02
-1.030225e-03 8.643699e+02 3.465327e+02 9.568800e+02
-1.185963e-03 6.952952e+02 2.787493e+02 7.697099e+02
-1.336486e-03 8.443915e+02 3.385232e+02 9.347634e+02
-1.295326e-03 7.743375e+02 3.104380e+02 8.572118e+02
-1.205393e-03 7.898124e+02 3.166420e+02 8.743429e+02
-1.131968e-03 7.010932e+02 2.810738e+02 7.761284e+02
-1.100918e-03 7.206826e+02 2.889273e+02 7.978144e+02
-1.195653e-03 6.165711e+02 2.471882e+02 6.825603e+02
-1.145935e-03 7.434965e+02 2.980736e+02 8.230700e+02
-1.124789e-03 7.503687e+02 3.008287e+02 8.306777e+02
-1.310391e-03 7.922522e+02 3.176201e+02 8.770438e+02
-1.377939e-03 7.468967e+02 2.994368e+02 8.268341e+02
-1.153576e-03 7.691579e+02 3.083614e+02 8.514778e+02
-1.066874e-03 8.018864e+02 3.214825e+02 8.877091e+02
-9.938607e-04 7.746999e+02 3.105833e+02 8.576130e+02
-9.612593e-04 7.263636e+02 2.912049e+02 8.041034e+02
-1.026423e-03 7.429873e+02 2.978694e+02 8.225062e+02
-1.074765e-03 6.751013e+02 2.706534e+02 7.473547e+02
-1.167891e-03 7.086242e+02 2.840930e+02 7.844655e+02
-1.264814e-03 7.381235e+02 2.959195e+02 8.171219e+02
-1.392978e-03 8.313489e+02 3.332943e+02 9.203249e+02
-1.413829e-03 7.809209e+02 3.130773e+02 8.644998e+02
-1.281908e-03 6.961043e+02 2.790737e+02 7.706056e+02
-1.210982e-03 7.795097e+02 3.125116e+02 8.629375e+02
-1.076197e-03 8.091197e+02 3.243824e+02 8.957165e+02
-8.566551e-04 7.779519e+02 3.118870e+02 8.612130e+02
-8.108126e-04 7.904166e+02 3.168842e+02 8.750118e+02
-8.657810e-04 7.215514e+02 2.892756e+02 7.987762e+02
-8.856680e-04 7.464553e+02 2.992598e+02 8.263454e+02
-8.612013e-04 7.946225e+02 3.185704e+02 8.796678e+02
-9.785897e-04 7.875736e+02 3.157444e+02 8.718644e+02
-1.106118e-03 7.947519e+02 3.186223e+02 8.798110e+02
-8.838028e-04 6.694393e+02 2.683835e+02 7.410868e+02
-7.575843e-04 6.915691e+02 2.772555e+02 7.655850e+02
-6.599931e-04 7.381422e+02 2.959270e+02 8.171426e+02
-5.729833e-04 7.883877e+02 3.160708e+02 8.727657e+02
-5.579789e-04 7.218043e+02 2.893770e+02 7.990562e+02
-6.138160e-04 7.357488e+02 2.949675e+02 8.144931e+02
-7.714743e-04 7.025136e+02 2.816432e+02 7.777008e+02
-8.451138e-04 7.216045e+02 2.892969e+02 7.988349e+02
-8.591877e-04 6.504760e+02 2.607809e+02 7.200938e+02
-9.044468e-04 7.483973e+02 3.000383e+02 8.284953e+02
-9.716839e-04 7.429229e+02 2.978436e+02 8.224350e+02
-9.951780e-04 7.860901e+02 3.151497e+02 8.702222e+02
-1.005020e-03 7.075085e+02 2.836457e+02 7.832304e+02
-1.044084e-03 6.736896e+02 2.700874e+02 7.457919e+02
-1.020335e-03 7.253182e+02 2.907858e+02 8.029461e+02
-1.070851e-03 7.392093e+02 2.963548e+02 8.183239e+02
-1.147622e-03 7.524900e+02 3.016792e+02 8.330261e+02
-1.079912e-03 7.498943e+02 3.006385e+02 8.301526e+02
-1.009073e-03 7.497674e+02 3.005876e+02 8.300121e+02
-9.895994e-04 8.260779e+02 3.311811e+02 9.144898e+02
-1.003523e-03 8.091166e+02 3.243812e+02 8.957132e+02
-1.062960e-03 7.711730e+02 3.091693e+02 8.537086e+02
-1.283426e-03 7.814552e+02 3.132915e+02 8.650913e+02
-1.315864e-03 7.796536e+02 3.125692e+02 8.630968e+02
-1.015196e-03 7.037375e+02 2.821339e+02 7.790558e+02
-9.720980e-04 7.414367e+02 2.972478e+02 8.207897e+02
-1.247820e-03 7.871906e+02 3.155909e+02 8.714405e+02
-1.673694e-03 7.531711e+02 3.019522e+02 8.337800e+02
-1.731011e-03 7.266172e+02 2.913065e+02 8.043841e+02
-1.551044e-03 7.101005e+02 2.846849e+02 7.860998e+02
-1.532860e-03 7.723496e+02 3.096410e+02 8.550111e+02
-1.449734e-03 6.612529e+02 2.651015e+02 7.320242e+02
-1.322745e-03 7.730983e+02 3.099412e+02 8.558400e+02
-1.254672e-03 7.793467e+02 3.124462e+02 8.627571e+02
-1.195214e-03 7.284726e+02 2.920504e+02 8.064382e+02
-1.247409e-03 6.729939e+02 2.698085e+02 7.450218e+02
-1.257691e-03 7.838278e+02 3.142427e+02 8.677178e+02
-1.216909e-03 7.208878e+02 2.890096e+02 7.980416e+02
-1.211180e-03 7.734792e+02 3.100939e+02 8.562617e+02
-1.237768e-03 7.473998e+02 2.996385e+02 8.273911e+02
-1.260026e-03 8.120222e+02 3.255461e+02 8.989297e+02
-1.264858e-03 7.921155e+02 3.175653e+02 8.768925e+02
-1.313368e-03 7.215116e+02 2.892597e+02 7.987321e+02
-1.225450e-03 7.418792e+02 2.974252e+02 8.212796e+02
-1.036733e-03 7.762697e+02 3.112126e+02 8.593507e+02
-1.023454e-03 7.313333e+02 2.931973e+02 8.096051e+02
-1.120789e-03 7.325294e+02 2.936768e+02 8.109291e+02
-1.127206e-03 7.748595e+02 3.106472e+02 8.577896e+02
-1.076341e-03 7.532349e+02 3.019778e+02 8.338507e+02
-9.598917e-04 7.203208e+02 2.887822e+02 7.974138e+02
-9.315985e-04 7.596201e+02 3.045377e+02 8.409192e+02
-1.020611e-03 7.635197e+02 3.061011e+02 8.452362e+02
-9.863900e-04 7.439000e+02 2.982354e+02 8.235167e+02
-8.976272e-04 7.592709e+02 3.043977e+02 8.405327e+02
-7.690048e-04 7.903528e+02 3.168587e+02 8.749412e+02
-6.898089e-04 6.662865e+02 2.671195e+02 7.375965e+02
-6.988428e-04 7.494147e+02 3.004463e+02 8.296216e+02
-7.050023e-04 8.032700e+02 3.220372e+02 8.892408e+02
-7.261318e-04 7.174788e+02 2.876429e+02 7.942677e+02
-7.349934e-04 7.020396e+02 2.814532e+02 7.771761e+02
-6.725090e-04 7.609318e+02 3.050635e+02 8.423713e+02
-7.078948e-04 7.681391e+02 3.079530e+02 8.503500e+02
-7.946933e-04 7.527679e+02 3.017906e+02 8.333337e+02
-7.957838e-04 8.052025e+02 3.228120e+02 8.913802e+02
-8.057894e-04 7.237527e+02 2.901582e+02 8.012131e+02
-7.980373e-04 7.642256e+02 3.063841e+02 8.460177e+02
-7.972889e-04 8.007925e+02 3.210440e+02 8.864982e+02
-7.465412e-04 7.242362e+02 2.903520e+02 8.017483e+02
-6.786979e-04 8.129277e+02 3.259091e+02 8.999321e+02
-5.869457e-04 6.984023e+02 2.799950e+02 7.731495e+02
-5.164059e-04 7.520259e+02 3.014931e+02 8.325123e+02
-5.407424e-04 7.130651e+02 2.858734e+02 7.893817e+02
-5.742548e-04 7.458018e+02 2.989978e+02 8.256220e+02
-5.992013e-04 7.316086e+02 2.933076e+02 8.099097e+02
-6.402203e-04 6.864948e+02 2.752212e+02 7.599676e+02
-6.802960e-04 7.473235e+02 2.996079e+02 8.273066e+02
-7.310421e-04 7.965324e+02 3.193361e+02 8.817821e+02
-7.382574e-04 7.609878e+02 3.050860e+02 8.424334e+02
-7.037282e-04 7.448415e+02 2.986128e+02 8.245589e+02
-6.642509e-04 7.588511e+02 3.042293e+02 8.400679e+02
-6.282164e-04 7.698664e+02 3.086455e+02 8.522622e+02
-6.698933e-04 7.985505e+02 3.201451e+02 8.840161e+02
-7.845005e-04 7.876876e+02 3.157901e+02 8.719907e+02
-8.513155e-04 7.590940e+02 3.043267e+02 8.403368e+02
-8.485109e-04 8.543557e+02 3.425179e+02 9.457940e+02
-8.859258e-04 7.389044e+02 2.962326e+02 8.179864e+02
-9.518040e-04 7.917875e+02 3.174338e+02 8.765294e+02
-8.907311e-04 7.957965e+02 3.190411e+02 8.809675e+02
-8.211591e-04 7.183458e+02 2.879905e+02 7.952275e+02
-8.358477e-04 7.247858e+02 2.905723e+02 8.023568e+02
-8.166393e-04 7.397026e+02 2.965526e+02 8.188701e+02
-7.287733e-04 7.251326e+02 2.907114e+02 8.027407e+02
-6.923065e-04 7.660196e+02 3.071033e+02 8.480036e+02
-7.047252e-04 7.245280e+02 2.904689e+02 8.020713e+02
-7.882978e-04 6.981177e+02 2.798809e+02 7.728345e+02
-8.146334e-04 7.781884e+02 3.119819e+02 8.614749e+02
-7.495505e-04 7.453687e+02 2.988241e+02 8.251425e+02
-7.575803e-04 6.971708e+02 2.795013e+02 7.717863e+02
-7.740198e-04 7.436760e+02 2.981456e+02 8.232687e+02
-7.356482e-04 7.881878e+02 3.159907e+02 8.725444e+02
-6.659764e-04 7.759446e+02 3.110823e+02 8.589908e+02
-6.236174e-04 7.614573e+02 3.052742e+02 8.429531e+02
-6.365605e-04 7.606976e+02 3.049696e+02 8.421121e+02
-6.825391e-04 7.948846e+02 3.186755e+02 8.799580e+02
-7.419879e-04 6.520063e+02 2.613944e+02 7.217880e+02
-7.785935e-04 7.401883e+02 2.967473e+02 8.194078e+02
-7.579817e-04 7.196609e+02 2.885177e+02 7.966834e+02
-6.815470e-04 8.617251e+02 3.454724e+02 9.539521e+02
-6.628650e-04 7.263664e+02 2.912060e+02 8.041065e+02
-7.888720e-04 8.045409e+02 3.225468e+02 8.906477e+02
-9.830410e-04 7.866723e+02 3.153831e+02 8.708668e+02
-1.197409e-03 8.286005e+02 3.321925e+02 9.172824e+02
-1.384380e-03 7.825195e+02 3.137182e+02 8.662695e+02
-1.492149e-03 7.935233e+02 3.181297e+02 8.784509e+02
-1.797716e-03 7.364375e+02 2.952436e+02 8.152555e+02
-2.395209e-03 8.022907e+02 3.216447e+02 8.881568e+02
-2.850046e-03 7.566729e+02 3.033561e+02 8.376566e+02
-3.009874e-03 7.497048e+02 3.005625e+02 8.299427e+02
-3.063802e-03 7.676233e+02 3.077462e+02 8.497789e+02
-3.054420e-03 6.768963e+02 2.713730e+02 7.493418e+02
-3.054444e-03 8.100428e+02 3.247525e+02 8.967385e+02
-3.116370e-03 7.496220e+02 3.005294e+02 8.298511e+02
-2.786657e-03 7.265142e+02 2.912652e+02 8.042701e+02
-2.454210e-03 7.046896e+02 2.825156e+02 7.801098e+02
-2.088879e-03 6.923432e+02 2.775658e+02 7.664419e+02
-1.920962e-03 7.629943e+02 3.058904e+02 8.446546e+02
-1.784067e-03 7.769479e+02 3.114845e+02 8.601016e+02
-1.792514e-03 7.686056e+02 3.081400e+02 8.508664e+02
-1.687788e-03 6.860014e+02 2.750234e+02 7.594215e+02
-1.405196e-03 7.669159e+02 3.074626e+02 8.489959e+02
-1.389599e-03 7.238794e+02 2.902089e+02 8.013534e+02
-1.399721e-03 7.686888e+02 3.081734e+02 8.509585e+02
-1.224941e-03 6.960476e+02 2.790509e+02 7.705428e+02
-1.036295e-03 8.142755e+02 3.264494e+02 9.014241e+02
-1.009738e-03 7.604282e+02 3.048616e+02 8.418138e+02
-9.772722e-04 6.971945e+02 2.795107e+02 7.718124e+02
-1.040577e-03 7.770635e+02 3.115308e+02 8.602295e+02
-9.746131e-04 7.168374e+02 2.873857e+02 7.935577e+02
-8.389707e-04 7.845543e+02 3.145340e+02 8.685221e+02
-9.048920e-04 7.936783e+02 3.181919e+02 8.786225e+02
-9.702692e-04 7.230476e+02 2.898755e+02 8.004325e+02
-1.068119e-03 7.142755e+02 2.863586e+02 7.907216e+02
-1.083338e-03 7.691090e+02 3.083418e+02 8.514237e+02
-1.019909e-03 7.641921e+02 3.063706e+02 8.459806e+02
-1.120760e-03 7.485907e+02 3.001159e+02 8.287094e+02
-1.023745e-03 7.271218e+02 2.915088e+02 8.049428e+02
-9.171352e-04 8.189828e+02 3.283366e+02 9.066353e+02
-8.943639e-04 7.501378e+02 3.007361e+02 8.304221e+02
-8.898521e-04 7.492009e+02 3.003605e+02 8.293849e+02
-1.017479e-03 7.029285e+02 2.818096e+02 7.781602e+02
-1.176252e-03 7.726896e+02 3.097773e+02 8.553875e+02
-1.345778e-03 7.527972e+02 3.018023e+02 8.333661e+02
-1.282443e-03 7.214599e+02 2.892389e+02 7.986749e+02
-1.068739e-03 7.302159e+02 2.927493e+02 8.083680e+02
-9.471571e-04 7.638180e+02 3.062206e+02 8.455664e+02
-9.656012e-04 7.419922e+02 2.974705e+02 8.214047e+02
-9.884564e-04 7.191947e+02 2.883308e+02 7.961672e+02
-9.851936e-04 7.116264e+02 2.852966e+02 7.877890e+02
-1.010459e-03 7.180182e+02 2.878591e+02 7.948649e+02
-9.397197e-04 7.168783e+02 2.874021e+02 7.936030e+02
-8.623603e-04 7.684671e+02 3.080845e+02 8.507131e+02
-8.121549e-04 7.043796e+02 2.823913e+02 7.797666e+02
-8.361402e-04 7.648777e+02 3.066455e+02 8.467395e+02
-9.476797e-04 7.761804e+02 3.111768e+02 8.592520e+02
-1.083887e-03 7.405602e+02 2.968964e+02 8.198195e+02
-1.050605e-03 6.675346e+02 2.676199e+02 7.389782e+02
-1.031265e-03 7.234910e+02 2.900532e+02 8.009234e+02
-1.049174e-03 7.719585e+02 3.094842e+02 8.545781e+02
-9.926919e-04 7.291473e+02 2.923209e+02 8.071850e+02
-9.380808e-04 6.905715e+02 2.768555e+02 7.644806e+02
-8.284099e-04 7.453125e+02 2.988016e+02 8.250804e+02
-7.537936e-04 8.287304e+02 3.322445e+02 9.174261e+02
-7.038054e-04 7.037712e+02 2.821474e+02 7.790931e+02
-6.447269e-04 7.927983e+02 3.178391e+02 8.776484e+02
-6.112612e-04 6.877820e+02 2.757372e+02 7.613926e+02
-6.394409e-04 6.837249e+02 2.741107e+02 7.569013e+02
-7.572239e-04 7.224682e+02 2.896432e+02 7.997911e+02
-8.388070e-04 7.667192e+02 3.073837e+02 8.487781e+02
-8.814323e-04 7.155481e+02 2.868688e+02 7.921304e+02
-9.171089e-04 7.457821e+02 2.989899e+02 8.256002e+02
-8.374077e-04 7.794061e+02 3.124700e+02 8.628229e+02
-7.959376e-04 7.160307e+02 2.870623e+02 7.926647e+02
-8.540027e-04 7.117535e+02 2.853476e+02 7.879297e+02
-9.876677e-04 7.409413e+02 2.970492e+02 8.202414e+02
-1.107623e-03 7.844376e+02 3.144872e+02 8.683928e+02
-9.761540e-04 7.689603e+02 3.082822e+02 8.512591e+02
-8.516975e-04 7.511305e+02 3.011341e+02 8.315210e+02
-8.942642e-04 7.648243e+02 3.066241e+02 8.466804e+02
-9.227271e-04 7.458547e+02 2.990190e+02 8.256806e+02
-8.667521e-04 7.427976e+02 2.977934e+02 8.222963e+02
-7.683541e-04 7.291572e+02 2.923248e+02 8.071960e+02
-7.590225e-04 7.527305e+02 3.017756e+02 8.332923e+02
-7.357448e-04 7.788939e+02 3.122647e+02 8.622559e+02
-7.268763e-04 7.168612e+02 2.873953e+02 7.935841e+02
-7.698434e-04 7.403773e+02 2.968231e+02 8.196170e+02
-8.009999e-04 7.347414e+02 2.945636e+02 8.133779e+02
-7.988888e-04 8.345088e+02 3.345611e+02 9.238230e+02
-6.766702e-04 7.788331e+02 3.122403e+02 8.621886e+02
-6.557384e-04 8.219367e+02 3.295209e+02 9.099053e+02
-6.988703e-04 6.679172e+02 2.677732e+02 7.394017e+02
-6.952249e-04 7.533922e+02 3.020408e+02 8.340247e+02
-7.473937e-04 7.734702e+02 3.100903e+02 8.562517e+02
-8.738630e-04 7.840875e+02 3.143468e+02 8.680053e+02
-9.136358e-04 7.119505e+02 2.854265e+02 7.881477e+02
-9.529090e-04 7.789307e+02 3.122794e+02 8.622966e+02
-9.701143e-04 7.650379e+02 3.067097e+02 8.469169e+02
-8.406021e-04 6.879947e+02 2.758225e+02 7.616280e+02
-8.101289e-04 6.866023e+02 2.752643e+02 7.600867e+02
-8.858365e-04 7.978045e+02 3.198461e+02 8.831904e+02
-1.011798e-03 7.733677e+02 3.100492e+02 8.561381e+02
-9.334784e-04 7.701531e+02 3.087604e+02 8.525795e+02
-6.638541e-04 7.072917e+02 2.835588e+02 7.829904e+02
-5.661524e-04 7.779121e+02 3.118711e+02 8.611690e+02
-6.188479e-04 8.190464e+02 3.283621e+02 9.067057e+02
-6.556498e-04 7.374574e+02 2.956525e+02 8.163846e+02
-6.154204e-04 7.943041e+02 3.184427e+02 8.793153e+02
-6.090170e-04 7.610715e+02 3.051195e+02 8.425259e+02
-5.714914e-04 7.865176e+02 3.153211e+02 8.706955e+02
-5.165411e-04 6.856248e+02 2.748724e+02 7.590046e+02
-5.801909e-04 7.489747e+02 3.002699e+02 8.291345e+02
-6.861286e-04 7.710452e+02 3.091181e+02 8.535672e+02
-6.608372e-04 8.071217e+02 3.235814e+02 8.935048e+02
-6.043052e-04 7.626420e+02 3.057492e+02 8.442646e+02
-6.023552e-04 7.889830e+02 3.163095e+02 8.734248e+02
-6.004966e-04 6.850546e+02 2.746438e+02 7.583733e+02
-5.406098e-04 7.292943e+02 2.923798e+02 8.073478e+02
-4.617192e-04 7.450084e+02 2.986797e+02 8.247437e+02
-4.431401e-04 7.862707e+02 3.152221e+02 8.704222e+02
-4.723589e-04 7.555015e+02 3.028865e+02 8.363598e+02
-5.184736e-04 7.530111e+02 3.018881e+02 8.336029e+02
-5.478949e-04 7.264876e+02 2.912546e+02 8.042407e+02
-5.356519e-04 7.306602e+02 2.929274e+02 8.088598e+02
-4.928879e-04 6.777389e+02 2.717108e+02 7.502746e+02
-4.576862e-04 7.562168e+02 3.031733e+02 8.371517e+02
-4.497678e-04 7.672217e+02 3.075852e+02 8.493344e+02
-4.798055e-04 7.324397e+02 2.936408e+02 8.108298e+02
-4.679639e-04 7.312386e+02 2.931593e+02 8.095001e+02
-4.283698e-04 7.665313e+02 3.073084e+02 8.485701e+02
-3.637398e-04 7.010949e+02 2.810745e+02 7.761303e+02
-3.244622e-04 8.316254e+02 3.334051e+02 9.206309e+02
-3.168418e-04 7.212683e+02 2.891621e+02 7.984628e+02
-2.863111e-04 8.149899e+02 3.267358e+02 9.022150e+02
-2.619442e-04 7.464082e+02 2.992409e+02 8.262933e+02
-2.525836e-04 7.395882e+02 2.965067e+02 8.187434e+02
-2.623953e-04 7.898260e+02 3.166474e+02 8.743579e+02
-2.684422e-04 8.653446e+02 3.469234e+02 9.579590e+02
-2.639102e-04 7.726231e+02 3.097506e+02 8.553138e+02
-2.595727e-04 7.386540e+02 2.961322e+02 8.177092e+02
-2.608810e-04 7.072005e+02 2.835222e+02 7.828894e+02
-2.526971e-04 7.292878e+02 2.923772e+02 8.073406e+02
-2.211524e-04 7.225918e+02 2.896927e+02 7.999279e+02
-2.101466e-04 7.583917e+02 3.040452e+02 8.395593e+02
-2.179495e-04 7.240398e+02 2.902733e+02 8.015310e+02
-2.109277e-04 7.560291e+02 3.030980e+02 8.369439e+02
-2.106709e-04 7.953712e+02 3.188705e+02 8.804966e+02
-2.120273e-04 8.455563e+02 3.389902e+02 9.360528e+02
-2.152551e-04 7.213781e+02 2.892061e+02 7.985843e+02
-2.268508e-04 7.692549e+02 3.084003e+02 8.515852e+02
-2.099360e-04 8.774930e+02 3.517938e+02 9.714076e+02
-2.010397e-04 7.905445e+02 3.169355e+02 8.751533e+02
-2.059282e-04 8.010941e+02 3.211649e+02 8.868320e+02
-2.180365e-04 7.584731e+02 3.040778e+02 8.396495e+02
-2.371651e-04 7.461043e+02 2.991191e+02 8.259569e+02
-2.176638e-04 7.699746e+02 3.086889e+02 8.523820e+02
-1.878208e-04 7.814703e+02 3.132976e+02 8.651080e+02
-1.785884e-04 7.347527e+02 2.945681e+02 8.133903e+02
-1.831322e-04 6.906172e+02 2.768738e+02 7.645312e+02
-1.795270e-04 7.461523e+02 2.991383e+02 8.260101e+02
-1.733151e-04 6.844240e+02 2.743909e+02 7.576752e+02
-1.654774e-04 7.258233e+02 2.909882e+02 8.035053e+02
-1.544313e-04 7.335001e+02 2.940659e+02 8.120037e+02
-1.460261e-04 7.831802e+02 3.139831e+02 8.670009e+02
-1.362548e-04 6.984061e+02 2.799965e+02 7.731537e+02
-1.278430e-04 7.007704e+02 2.809444e+02 7.757711e+02
-1.217219e-04 6.973735e+02 2.795825e+02 7.720106e+02
-1.187821e-04 7.054374e+02 2.828154e+02 7.809376e+02
-1.216235e-04 7.202269e+02 2.887446e+02 7.973100e+02
-1.256596e-04 7.308837e+02 2.930170e+02 8.091073e+02
-1.234383e-04 7.146887e+02 2.865243e+02 7.911790e+02
-1.138125e-04 7.400714e+02 2.967005e+02 8.192784e+02
-1.056322e-04 7.084842e+02 2.840369e+02 7.843105e+02
-1.043207e-04 7.096817e+02 2.845170e+02 7.856362e+02
-1.061084e-04 7.379810e+02 2.958624e+02 8.169642e+02
-1.065981e-04 7.440416e+02 2.982921e+02 8.236734e+02
-1.113123e-04 7.988801e+02 3.202773e+02 8.843811e+02
-1.169137e-04 8.135498e+02 3.261585e+02 9.006208e+02
-1.122352e-04 6.730197e+02 2.698189e+02 7.450503e+02
-1.051738e-04 7.170060e+02 2.874533e+02 7.937443e+02
-1.042658e-04 6.839157e+02 2.741872e+02 7.571125e+02
-1.077136e-04 7.815345e+02 3.133233e+02 8.651791e+02
-1.072092e-04 6.882750e+02 2.759349e+02 7.619384e+02
-1.042303e-04 7.411301e+02 2.971249e+02 8.204503e+02
-1.043943e-04 6.484367e+02 2.599634e+02 7.178363e+02
-1.017974e-04 7.443467e+02 2.984145e+02 8.240112e+02
-9.836163e-05 8.474136e+02 3.397348e+02 9.381089e+02
-9.525511e-05 7.792423e+02 3.124043e+02 8.626415e+02
-9.162853e-05 7.784491e+02 3.120864e+02 8.617635e+02
-9.161147e-05 7.720033e+02 3.095022e+02 8.546277e+02
-8.997953e-05 8.095595e+02 3.245588e+02 8.962035e+02
-8.989685e-05 7.911042e+02 3.171599e+02 8.757729e+02
-9.522322e-05 7.731150e+02 3.099479e+02 8.558585e+02
-9.618091e-05 7.326335e+02 2.937185e+02 8.110443e+02
-9.125563e-05 7.375557e+02 2.956919e+02 8.164934e+02
-8.778862e-05 7.407955e+02 2.969907e+02 8.200799e+02
-8.475832e-05 7.304663e+02 2.928497e+02 8.086453e+02
-8.215611e-05 7.992306e+02 3.204178e+02 8.847691e+02
-8.220476e-05 7.713239e+02 3.092298e+02 8.538757e+02
-8.102174e-05 7.366608e+02 2.953331e+02 8.155027e+02
-8.289309e-05 7.830062e+02 3.139133e+02 8.668082e+02
-8.945205e-05 7.794520e+02 3.124884e+02 8.628736e+02
-8.854629e-05 7.527311e+02 3.017758e+02 8.332929e+02
-8.725033e-05 7.772725e+02 3.116146e+02 8.604609e+02
-9.080658e-05 7.578813e+02 3.038406e+02 8.389943e+02
-9.454933e-05 7.147854e+02 2.865631e+02 7.912861e+02
-9.604841e-05 7.900415e+02 3.167338e+02 8.745965e+02
-9.466056e-05 6.875560e+02 2.756466e+02 7.611424e+02
-9.236870e-05 7.309608e+02 2.930479e+02 8.091926e+02
-8.664034e-05 8.313538e+02 3.332963e+02 9.203303e+02
-8.225966e-05 6.916221e+02 2.772767e+02 7.656437e+02
-8.205563e-05 7.993794e+02 3.204775e+02 8.849338e+02
-8.510854e-05 7.657912e+02 3.070117e+02 8.477508e+02
-8.658543e-05 7.860660e+02 3.151400e+02 8.701956e+02
-8.361409e-05 7.205445e+02 2.888719e+02 7.976615e+02
-7.939093e-05 7.739404e+02 3.102788e+02 8.567722e+02
-7.523787e-05 8.073302e+02 3.236650e+02 8.937356e+02
-7.409586e-05 8.160858e+02 3.271752e+02 9.034283e+02
-7.455412e-05 7.423246e+02 2.976037e+02 8.217726e+02
-7.515133e-05 6.752220e+02 2.707018e+02 7.474883e+02
-7.700871e-05 7.113337e+02 2.851793e+02 7.874649e+02
-8.065595e-05 7.827620e+02 3.138154e+02 8.665379e+02
-8.109293e-05 7.328112e+02 2.937898e+02 8.112411e+02
-8.060405e-05 7.861800e+02 3.151857e+02 8.703218e+02
-8.218693e-05 8.556014e+02 3.430173e+02 9.471730e+02
-7.861459e-05 7.575120e+02 3.036925e+02 8.385855e+02
-7.502449e-05 7.827012e+02 3.137910e+02 8.664706e+02
-7.557052e-05 6.965590e+02 2.792560e+02 7.711090e+02
-7.659222e-05 6.858902e+02 2.749788e+02 7.592984e+02
-7.840511e-05 7.018168e+02 2.813639e+02 7.769295e+02
-8.217224e-05 7.282856e+02 2.919754e+02 8.062311e+02
-8.480849e-05 7.447259e+02 2.985665e+02 8.244310e+02
-8.484876e-05 8.030717e+02 3.219577e+02 8.890213e+02
-8.477457e-05 8.012424e+02 3.212244e+02 8.869962e+02
-8.715271e-05 8.161585e+02 3.272044e+02 9.035087e+02
-8.831844e-05 7.531409e+02 3.019401e+02 8.337465e+02
-8.805663e-05 7.498020e+02 3.006015e+02 8.300504e+02
-9.119466e-05 7.489756e+02 3.002702e+02 8.291355e+02
-9.534277e-05 8.365170e+02 3.353662e+02 9.260461e+02
-9.474468e-05 7.541468e+02 3.023434e+02 8.348601e+02
-9.257260e-05 7.900998e+02 3.167572e+02 8.746611e+02
-9.310119e-05 7.217883e+02 2.893706e+02 7.990385e+02
-9.420643e-05 7.176770e+02 2.877223e+02 7.944871e+02
-9.662861e-05 7.255743e+02 2.908884e+02 8.032297e+02
-9.731008e-05 6.926997e+02 2.777088e+02 7.668366e+02
-9.433104e-05 7.784969e+02 3.121055e+02 8.618163e+02
-9.260490e-05 7.592149e+02 3.043752e+02 8.404707e+02
-9.368745e-05 7.678584e+02 3.078405e+02 8.500392e+02
-9.569991e-05 7.312985e+02 2.931833e+02 8.095664e+02
-9.556884e-05 7.764648e+02 3.112908e+02 8.595668e+02
-9.270975e-05 7.852371e+02 3.148077e+02 8.692779e+02
-9.206220e-05 7.548051e+02 3.026073e+02 8.355890e+02
-9.317508e-05 7.069922e+02 2.834387e+02 7.826588e+02
-9.342460e-05 7.685829e+02 3.081309e+02 8.508413e+02
-9.128037e-05 6.668464e+02 2.673440e+02 7.382163e+02
-8.985106e-05 7.376275e+02 2.957206e+02 8.165728e+02
-9.066670e-05 7.817693e+02 3.134175e+02 8.654390e+02
-8.828210e-05 7.232640e+02 2.899622e+02 8.006721e+02
-8.519306e-05 7.308370e+02 2.929983e+02 8.090556e+02
-8.543322e-05 7.785297e+02 3.121187e+02 8.618527e+02
-8.645287e-05 7.661395e+02 3.071513e+02 8.481364e+02
-8.521147e-05 7.851360e+02 3.147672e+02 8.691660e+02
-8.812257e-05 6.882552e+02 2.759269e+02 7.619164e+02
-9.270384e-05 7.735503e+02 3.101224e+02 8.563404e+02
-9.260229e-05 7.857731e+02 3.150226e+02 8.698713e+02
-9.262766e-05 7.391167e+02 2.963177e+02 8.182214e+02
-9.296966e-05 7.985555e+02 3.201472e+02 8.840217e+02
-9.378496e-05 7.465731e+02 2.993070e+02 8.264758e+02
-9.273207e-05 7.556557e+02 3.029483e+02 8.365305e+02
-9.281952e-05 7.857867e+02 3.150281e+02 8.698863e+02
-9.587187e-05 7.248613e+02 2.906026e+02 8.024404e+02
-9.601602e-05 7.138884e+02 2.862035e+02 7.902930e+02
-9.560772e-05 7.448040e+02 2.985978e+02 8.245174e+02
-9.924391e-05 7.582245e+02 3.039781e+02 8.393742e+02
-1.015828e-04 7.546467e+02 3.025438e+02 8.354136e+02
-1.008784e-04 6.598184e+02 2.645264e+02 7.304361e+02
-9.741785e-05 8.405787e+02 3.369946e+02 9.305425e+02
-9.205996e-05 6.898169e+02 2.765530e+02 7.636453e+02
-9.182989e-05 7.142348e+02 2.863423e+02 7.906765e+02
-9.353187e-05 7.517610e+02 3.013869e+02 8.322190e+02
-9.286565e-05 7.702931e+02 3.088166e+02 8.527345e+02
-9.415432e-05 7.560303e+02 3.030985e+02 8.369452e+02
-9.797400e-05 7.264654e+02 2.912457e+02 8.042161e+02
-9.615706e-05 7.445938e+02 2.985135e+02 8.242847e+02
-9.229735e-05 7.633431e+02 3.060302e+02 8.450407e+02
-9.464996e-05 7.525915e+02 3.017198e+02 8.331384e+02
-9.560730e-05 7.261421e+02 2.911161e+02 8.038583e+02
-9.389196e-05 6.956693e+02 2.788993e+02 7.701240e+02
-9.350987e-05 7.335827e+02 2.940991e+02 8.120952e+02
-9.298771e-05 8.308976e+02 3.331134e+02 9.198252e+02
-9.394754e-05 7.223484e+02 2.895952e+02 7.996585e+02
-9.252383e-05 7.579256e+02 3.038583e+02 8.390434e+02
-9.333045e-05 7.535306e+02 3.020963e+02 8.341780e+02
-9.336971e-05 7.035481e+02 2.820580e+02 7.788461e+02
-8.657481e-05 7.281460e+02 2.919195e+02 8.060766e+02
-8.358244e-05 6.923875e+02 2.775836e+02 7.664910e+02
