#E_pot  E_kin  T  P
-3.261071e-04 7.243388e+02 2.903931e+02 8.018619e+02
-3.026735e-04 7.343441e+02 2.944043e+02 8.129380e+02
-2.751200e-04 7.403672e+02 2.968190e+02 8.196057e+02
-2.463692e-04 7.449637e+02 2.986618e+02 8.246942e+02
-2.184045e-04 7.438679e+02 2.982225e+02 8.234812e+02
-1.937454e-04 7.336674e+02 2.941330e+02 8.121889e+02
-1.728359e-04 7.373039e+02 2.955909e+02 8.162146e+02
-1.549628e-04 7.389191e+02 2.962385e+02 8.180027e+02
-1.393781e-04 7.360564e+02 2.950908e+02 8.148336e+02
-1.250558e-04 7.389978e+02 2.962700e+02 8.180898e+02
-1.116190e-04 7.324503e+02 2.936451e+02 8.108415e+02
-9.974347e-05 7.298878e+02 2.926177e+02 8.080048e+02
-8.971901e-05 7.243046e+02 2.903794e+02 8.018241e+02
-8.108691e-05 7.268998e+02 2.914198e+02 8.046970e+02
-7.331746e-05 7.179979e+02 2.878510e+02 7.948424e+02
-6.603141e-05 7.171590e+02 2.875147e+02 7.939137e+02
-5.931943e-05 7.146027e+02 2.864898e+02 7.910838e+02
-5.346728e-05 7.196199e+02 2.885013e+02 7.966380e+02
-4.830042e-05 7.237354e+02 2.901512e+02 8.011939e+02
-4.364925e-05 7.296847e+02 2.925363e+02 8.077800e+02
-3.963050e-05 7.192249e+02 2.883429e+02 7.962007e+02
-3.626596e-05 7.300336e+02 2.926762e+02 8.081662e+02
-3.347206e-05 7.193088e+02 2.883765e+02 7.962936e+02
-3.125578e-05 7.262533e+02 2.911607e+02 8.039814e+02
-2.939492e-05 7.185336e+02 2.880658e+02 7.954355e+02
-2.780281e-05 7.169360e+02 2.874253e+02 7.936668e+02
-2.655053e-05 7.135416e+02 2.860644e+02 7.899091e+02
-2.557636e-05 7.119551e+02 2.854284e+02 7.881528e+02
-2.486483e-05 7.124512e+02 2.856273e+02 7.887020e+02
-2.438749e-05 6.962699e+02 2.791401e+02 7.707889e+02
-2.409920e-05 6.858741e+02 2.749723e+02 7.592805e+02
-2.397929e-05 6.851299e+02 2.746740e+02 7.584567e+02
-2.395100e-05 6.935233e+02 2.780389e+02 7.677484e+02
-2.395565e-05 6.986441e+02 2.800919e+02 7.734172e+02
-2.395654e-05 6.995829e+02 2.804683e+02 7.744565e+02
-2.400781e-05 6.845802e+02 2.744536e+02 7.578481e+02
-2.415516e-05 6.914878e+02 2.772229e+02 7.654950e+02
-2.445627e-05 6.978884e+02 2.797889e+02 7.725806e+02
-2.485591e-05 7.106372e+02 2.849000e+02 7.866939e+02
-2.522641e-05 7.149326e+02 2.866221e+02 7.914490e+02
-2.567545e-05 7.163175e+02 2.871773e+02 7.929821e+02
-2.620186e-05 7.223675e+02 2.896028e+02 7.996797e+02
-2.668032e-05 7.292780e+02 2.923733e+02 8.073297e+02
-2.718117e-05 7.117682e+02 2.853535e+02 7.879460e+02
-2.774812e-05 7.167772e+02 2.873616e+02 7.934911e+02
-2.817880e-05 7.228961e+02 2.898147e+02 8.002648e+02
-2.840276e-05 7.046620e+02 2.825045e+02 7.800792e+02
-2.867503e-05 7.025676e+02 2.816649e+02 7.777607e+02
-2.904301e-05 6.933529e+02 2.779706e+02 7.675598e+02
-2.944360e-05 6.949673e+02 2.786178e+02 7.693469e+02
-3.001965e-05 6.867138e+02 2.753090e+02 7.602101e+02
-3.072053e-05 6.891143e+02 2.762713e+02 7.628675e+02
-3.140764e-05 6.887552e+02 2.761273e+02 7.624699e+02
-3.223158e-05 6.959054e+02 2.789939e+02 7.703854e+02
-3.312673e-05 6.975154e+02 2.796394e+02 7.721677e+02
-3.411675e-05 6.973765e+02 2.795837e+02 7.720140e+02
-3.546881e-05 7.012711e+02 2.811451e+02 7.763254e+02
-3.720920e-05 7.043684e+02 2.823868e+02 7.797541e+02
-3.951925e-05 7.007710e+02 2.809446e+02 7.757717e+02
-4.238606e-05 7.076427e+02 2.836995e+02 7.833789e+02
-4.591488e-05 7.024004e+02 2.815978e+02 7.775755e+02
-5.022957e-05 6.948908e+02 2.785872e+02 7.692622e+02
-5.516515e-05 7.039244e+02 2.822088e+02 7.792626e+02
-6.037454e-05 7.068391e+02 2.833774e+02 7.824893e+02
-6.573131e-05 7.078805e+02 2.837948e+02 7.836421e+02
-7.117620e-05 7.096497e+02 2.845041e+02 7.856007e+02
-7.707615e-05 7.054751e+02 2.828305e+02 7.809793e+02
-8.360876e-05 7.110970e+02 2.850844e+02 7.872029e+02
-9.003904e-05 7.127673e+02 2.857540e+02 7.890520e+02
-9.689179e-05 7.196967e+02 2.885320e+02 7.967230e+02
-1.047717e-04 7.126994e+02 2.857268e+02 7.889768e+02
-1.138930e-04 7.259368e+02 2.910338e+02 8.036310e+02
-1.245778e-04 7.239975e+02 2.902563e+02 8.014841e+02
-1.362127e-04 7.351067e+02 2.947100e+02 8.137822e+02
-1.479761e-04 7.346646e+02 2.945328e+02 8.132928e+02
-1.595543e-04 7.470558e+02 2.995006e+02 8.270103e+02
-1.699979e-04 7.496429e+02 3.005377e+02 8.298742e+02
-1.782245e-04 7.497096e+02 3.005645e+02 8.299480e+02
-1.853511e-04 7.501497e+02 3.007409e+02 8.304353e+02
-1.933277e-04 7.765315e+02 3.113176e+02 8.596406e+02
-2.018359e-04 7.888704e+02 3.162644e+02 8.733001e+02
-2.108942e-04 7.947846e+02 3.186354e+02 8.798473e+02
-2.198710e-04 8.045669e+02 3.225572e+02 8.906765e+02
-2.285442e-04 8.024459e+02 3.217069e+02 8.883285e+02
-2.368534e-04 8.021698e+02 3.215962e+02 8.880228e+02
-2.437653e-04 7.927312e+02 3.178122e+02 8.775741e+02
-2.516120e-04 7.998956e+02 3.206844e+02 8.855053e+02
-2.599930e-04 8.105683e+02 3.249632e+02 8.973202e+02
-2.679588e-04 8.106303e+02 3.249881e+02 8.973889e+02
-2.777565e-04 8.181203e+02 3.279909e+02 9.056805e+02
-2.867650e-04 8.301254e+02 3.328038e+02 9.189705e+02
-2.881503e-04 8.306505e+02 3.330143e+02 9.195518e+02
-2.857703e-04 8.356217e+02 3.350073e+02 9.250550e+02
-2.837359e-04 8.343743e+02 3.345072e+02 9.236741e+02
-2.781524e-04 8.426742e+02 3.378347e+02 9.328623e+02
-2.688351e-04 8.507965e+02 3.410910e+02 9.418538e+02
-2.563183e-04 8.468764e+02 3.395194e+02 9.375142e+02
-2.439751e-04 8.365983e+02 3.353988e+02 9.261361e+02
-2.296535e-04 8.312687e+02 3.332621e+02 9.202361e+02
-2.133471e-04 8.383964e+02 3.361197e+02 9.281266e+02
-1.982820e-04 8.579479e+02 3.439580e+02 9.497707e+02
-1.810558e-04 8.517984e+02 3.414927e+02 9.429630e+02
-1.623375e-04 8.440954e+02 3.384045e+02 9.344356e+02
-1.435453e-04 8.583180e+02 3.441064e+02 9.501804e+02
-1.263971e-04 8.541249e+02 3.424254e+02 9.455385e+02
-1.128125e-04 8.582846e+02 3.440930e+02 9.501434e+02
-1.020501e-04 8.675607e+02 3.478119e+02 9.604123e+02
-9.253468e-05 8.601242e+02 3.448306e+02 9.521799e+02
-8.444767e-05 8.563868e+02 3.433322e+02 9.480425e+02
-7.779099e-05 8.672942e+02 3.477051e+02 9.601173e+02
-7.212108e-05 8.599779e+02 3.447719e+02 9.520180e+02
-6.710153e-05 8.655128e+02 3.469909e+02 9.581452e+02
-6.271668e-05 8.639480e+02 3.463635e+02 9.564130e+02
-5.932922e-05 8.439966e+02 3.383648e+02 9.343262e+02
-5.646828e-05 8.420306e+02 3.375767e+02 9.321498e+02
-5.388676e-05 8.398402e+02 3.366985e+02 9.297250e+02
-5.160673e-05 8.357668e+02 3.350655e+02 9.252156e+02
-4.945169e-05 8.133703e+02 3.260865e+02 9.004221e+02
-4.743447e-05 8.120736e+02 3.255667e+02 8.989866e+02
-4.542850e-05 8.139981e+02 3.263382e+02 9.011171e+02
-4.336692e-05 8.138141e+02 3.262645e+02 9.009134e+02
-4.149065e-05 7.990350e+02 3.203394e+02 8.845525e+02
-3.995817e-05 7.921836e+02 3.175926e+02 8.769679e+02
-3.870592e-05 7.988658e+02 3.202716e+02 8.843652e+02
-3.750836e-05 8.079237e+02 3.239029e+02 8.943926e+02
-3.628012e-05 8.091927e+02 3.244117e+02 8.957974e+02
-3.513522e-05 7.937194e+02 3.182083e+02 8.786680e+02
-3.414077e-05 7.940184e+02 3.183282e+02 8.789991e+02
-3.326250e-05 7.852033e+02 3.147942e+02 8.692405e+02
-3.242944e-05 7.910037e+02 3.171196e+02 8.756617e+02
-3.156208e-05 7.880222e+02 3.159243e+02 8.723611e+02
-3.056133e-05 7.654056e+02 3.068571e+02 8.473240e+02
-2.944513e-05 7.668171e+02 3.074230e+02 8.488866e+02
-2.829657e-05 7.708900e+02 3.090559e+02 8.533953e+02
-2.717379e-05 7.582311e+02 3.039808e+02 8.393816e+02
-2.604795e-05 7.626087e+02 3.057358e+02 8.442277e+02
-2.496112e-05 7.657327e+02 3.069883e+02 8.476861e+02
-2.409914e-05 7.474423e+02 2.996555e+02 8.274381e+02
-2.343293e-05 7.414073e+02 2.972360e+02 8.207572e+02
-2.285731e-05 7.467480e+02 2.993771e+02 8.266695e+02
-2.231376e-05 7.534530e+02 3.020652e+02 8.340921e+02
-2.175800e-05 7.478479e+02 2.998181e+02 8.278871e+02
-2.120438e-05 7.586193e+02 3.041365e+02 8.398114e+02
-2.064610e-05 7.491221e+02 3.003289e+02 8.292977e+02
-2.006442e-05 7.463968e+02 2.992363e+02 8.262807e+02
-1.950537e-05 7.355058e+02 2.948700e+02 8.142240e+02
-1.898684e-05 7.403206e+02 2.968004e+02 8.195542e+02
-1.849989e-05 7.376993e+02 2.957494e+02 8.166523e+02
-1.802983e-05 7.397253e+02 2.965617e+02 8.188952e+02
-1.758361e-05 7.386522e+02 2.961315e+02 8.177073e+02
-1.716200e-05 7.485123e+02 3.000844e+02 8.286226e+02
-1.681045e-05 7.431070e+02 2.979174e+02 8.226388e+02
-1.653744e-05 7.361442e+02 2.951260e+02 8.149308e+02
-1.630115e-05 7.419078e+02 2.974367e+02 8.213113e+02
-1.607105e-05 7.549066e+02 3.026480e+02 8.357012e+02
-1.582365e-05 7.383267e+02 2.960010e+02 8.173469e+02
-1.560834e-05 7.444299e+02 2.984478e+02 8.241033e+02
-1.547890e-05 7.433584e+02 2.980182e+02 8.229171e+02
-1.542022e-05 7.537464e+02 3.021829e+02 8.344169e+02
-1.541995e-05 7.561468e+02 3.031452e+02 8.370742e+02
-1.545755e-05 7.379288e+02 2.958414e+02 8.169064e+02
-1.549538e-05 7.279024e+02 2.918218e+02 8.058069e+02
-1.554419e-05 7.225415e+02 2.896725e+02 7.998722e+02
-1.561599e-05 7.039073e+02 2.822020e+02 7.792437e+02
-1.570717e-05 6.915989e+02 2.772674e+02 7.656180e+02
-1.579356e-05 6.943741e+02 2.783800e+02 7.686902e+02
-1.589758e-05 6.977339e+02 2.797270e+02 7.724096e+02
-1.602291e-05 6.948389e+02 2.785664e+02 7.692047e+02
-1.617123e-05 6.811482e+02 2.730777e+02 7.540489e+02
-1.634218e-05 6.844161e+02 2.743878e+02 7.576665e+02
-1.659230e-05 6.837666e+02 2.741274e+02 7.569475e+02
-1.692845e-05 6.902724e+02 2.767356e+02 7.641495e+02
-1.723966e-05 6.899267e+02 2.765970e+02 7.637668e+02
-1.760663e-05 6.993741e+02 2.803846e+02 7.742254e+02
-1.809757e-05 6.970083e+02 2.794361e+02 7.716063e+02
-1.868012e-05 6.926430e+02 2.776860e+02 7.667738e+02
-1.949277e-05 6.946162e+02 2.784771e+02 7.689583e+02
-2.053789e-05 6.871532e+02 2.754851e+02 7.606965e+02
-2.176440e-05 7.062479e+02 2.831403e+02 7.818349e+02
-2.326791e-05 7.040615e+02 2.822638e+02 7.794144e+02
-2.507098e-05 7.115714e+02 2.852746e+02 7.877281e+02
-2.714262e-05 7.250243e+02 2.906679e+02 8.026208e+02
-2.938470e-05 7.185618e+02 2.880771e+02 7.954666e+02
-3.194270e-05 7.234451e+02 2.900348e+02 8.008725e+02
-3.512693e-05 7.228158e+02 2.897825e+02 8.001760e+02
-3.916774e-05 7.265551e+02 2.912817e+02 8.043154e+02
-4.412430e-05 7.245885e+02 2.904932e+02 8.021384e+02
-5.018327e-05 7.209750e+02 2.890445e+02 7.981381e+02
-5.745697e-05 7.067643e+02 2.833474e+02 7.824065e+02
-6.568180e-05 7.289792e+02 2.922535e+02 8.069989e+02
-7.550849e-05 7.338637e+02 2.942117e+02 8.124062e+02
-8.779849e-05 7.431657e+02 2.979410e+02 8.227038e+02
-1.018416e-04 7.376022e+02 2.957105e+02 8.165448e+02
-1.172449e-04 7.495543e+02 3.005022e+02 8.297761e+02
-1.348771e-04 7.356891e+02 2.949435e+02 8.144270e+02
-1.555606e-04 7.320263e+02 2.934751e+02 8.103721e+02
-1.791918e-04 7.321230e+02 2.935138e+02 8.104792e+02
-2.081269e-04 7.234430e+02 2.900340e+02 8.008703e+02
-2.437218e-04 7.477723e+02 2.997878e+02 8.278034e+02
-2.828597e-04 7.493689e+02 3.004279e+02 8.295709e+02
-3.257646e-04 7.602274e+02 3.047811e+02 8.415915e+02
-3.749828e-04 7.491191e+02 3.003277e+02 8.292943e+02
-4.322440e-04 7.573787e+02 3.036391e+02 8.384379e+02
-4.948952e-04 7.577903e+02 3.038041e+02 8.388935e+02
-5.586839e-04 7.673800e+02 3.076487e+02 8.495097e+02
-6.257212e-04 7.718730e+02 3.094499e+02 8.544835e+02
-6.947605e-04 7.462831e+02 2.991908e+02 8.261549e+02
-7.639113e-04 7.470595e+02 2.995020e+02 8.270143e+02
-8.233101e-04 7.433370e+02 2.980096e+02 8.228934e+02
-8.823624e-04 7.392173e+02 2.963580e+02 8.183328e+02
-9.431957e-04 7.395382e+02 2.964867e+02 8.186881e+02
-9.871120e-04 7.481744e+02 2.999490e+02 8.282486e+02
-1.007123e-03 7.503242e+02 3.008108e+02 8.306284e+02
-1.013863e-03 7.458014e+02 2.989976e+02 8.256215e+02
-1.042961e-03 7.589842e+02 3.042827e+02 8.402153e+02
-1.087213e-03 7.642892e+02 3.064096e+02 8.460881e+02
-1.129623e-03 7.746813e+02 3.105758e+02 8.575924e+02
-1.155799e-03 7.833128e+02 3.140362e+02 8.671476e+02
-1.149675e-03 7.951944e+02 3.187997e+02 8.803009e+02
-1.123755e-03 7.982450e+02 3.200227e+02 8.836780e+02
-1.100413e-03 7.946880e+02 3.185966e+02 8.797403e+02
-1.071777e-03 7.862281e+02 3.152050e+02 8.703749e+02
-1.026897e-03 7.942140e+02 3.184066e+02 8.792156e+02
-9.688338e-04 7.942967e+02 3.184398e+02 8.793071e+02
-8.955025e-04 7.993547e+02 3.204676e+02 8.849065e+02
-8.306119e-04 8.108934e+02 3.250935e+02 8.976801e+02
-7.770615e-04 7.928683e+02 3.178671e+02 8.777258e+02
-7.189877e-04 7.974203e+02 3.196921e+02 8.827650e+02
-6.563682e-04 7.930907e+02 3.179563e+02 8.779721e+02
-5.863730e-04 7.941558e+02 3.183833e+02 8.791512e+02
-5.245827e-04 7.849018e+02 3.146733e+02 8.689067e+02
-4.802388e-04 7.938257e+02 3.182509e+02 8.787857e+02
-4.424599e-04 7.971873e+02 3.195986e+02 8.825071e+02
-4.082793e-04 8.006668e+02 3.209936e+02 8.863590e+02
-3.764720e-04 7.906127e+02 3.169629e+02 8.752289e+02
-3.452065e-04 7.998698e+02 3.206741e+02 8.854767e+02
-3.159158e-04 7.912481e+02 3.172176e+02 8.759323e+02
-2.887250e-04 7.918435e+02 3.174563e+02 8.765914e+02
-2.650134e-04 8.030753e+02 3.219592e+02 8.890253e+02
-2.456069e-04 7.948036e+02 3.186430e+02 8.798683e+02
-2.296809e-04 8.006781e+02 3.209981e+02 8.863715e+02
-2.149499e-04 7.941032e+02 3.183622e+02 8.790929e+02
-2.015124e-04 7.906727e+02 3.169869e+02 8.752953e+02
-1.905387e-04 7.865067e+02 3.153167e+02 8.706834e+02
-1.798874e-04 7.787462e+02 3.122055e+02 8.620923e+02
-1.692164e-04 7.635468e+02 3.061119e+02 8.452662e+02
-1.592246e-04 7.594905e+02 3.044857e+02 8.407757e+02
-1.502656e-04 7.846717e+02 3.145811e+02 8.686521e+02
-1.429125e-04 7.887290e+02 3.162076e+02 8.731435e+02
-1.362714e-04 7.920519e+02 3.175398e+02 8.768221e+02
-1.298419e-04 8.002748e+02 3.208364e+02 8.859250e+02
-1.242777e-04 8.099048e+02 3.246972e+02 8.965857e+02
-1.200647e-04 8.037040e+02 3.222113e+02 8.897213e+02
-1.163106e-04 7.941318e+02 3.183737e+02 8.791245e+02
-1.126436e-04 7.920970e+02 3.175579e+02 8.768720e+02
-1.093820e-04 7.913902e+02 3.172745e+02 8.760896e+02
-1.066853e-04 7.962958e+02 3.192412e+02 8.815202e+02
-1.039020e-04 7.931534e+02 3.179814e+02 8.780415e+02
-1.005626e-04 7.986069e+02 3.201678e+02 8.840786e+02
-9.735126e-05 7.890200e+02 3.163243e+02 8.734657e+02
-9.455012e-05 7.895024e+02 3.165177e+02 8.739997e+02
-9.111687e-05 7.848000e+02 3.146325e+02 8.687940e+02
-8.661176e-05 7.800676e+02 3.127352e+02 8.635552e+02
-8.186198e-05 7.836520e+02 3.141722e+02 8.675232e+02
-7.770428e-05 7.789679e+02 3.122944e+02 8.623378e+02
-7.431735e-05 7.695407e+02 3.085149e+02 8.519016e+02
-7.186214e-05 7.803133e+02 3.128337e+02 8.638271e+02
-6.980391e-05 7.779662e+02 3.118928e+02 8.612289e+02
-6.816399e-05 7.896051e+02 3.165589e+02 8.741135e+02
-6.698138e-05 7.988240e+02 3.202548e+02 8.843190e+02
-6.562254e-05 7.943674e+02 3.184681e+02 8.793853e+02
-6.475805e-05 7.840175e+02 3.143188e+02 8.679278e+02
-6.450879e-05 7.872181e+02 3.156019e+02 8.714709e+02
-6.446862e-05 7.808579e+02 3.130520e+02 8.644300e+02
-6.474829e-05 7.903190e+02 3.168451e+02 8.749038e+02
-6.511974e-05 7.874998e+02 3.157149e+02 8.717828e+02
-6.482763e-05 7.944512e+02 3.185017e+02 8.794781e+02
-6.367950e-05 7.881842e+02 3.159892e+02 8.725404e+02
-6.202410e-05 7.901797e+02 3.167892e+02 8.747495e+02
-6.036706e-05 7.859202e+02 3.150816e+02 8.700341e+02
-5.900949e-05 7.986569e+02 3.201878e+02 8.841340e+02
-5.772219e-05 7.965596e+02 3.193470e+02 8.818122e+02
-5.606923e-05 7.945855e+02 3.185555e+02 8.796268e+02
-5.401428e-05 7.881936e+02 3.159930e+02 8.725509e+02
-5.184192e-05 8.030543e+02 3.219508e+02 8.890021e+02
-5.009089e-05 7.956117e+02 3.189670e+02 8.807629e+02
-4.888987e-05 7.875423e+02 3.157319e+02 8.718298e+02
-4.787936e-05 7.871218e+02 3.155633e+02 8.713644e+02
-4.709780e-05 7.904916e+02 3.169143e+02 8.750948e+02
-4.660279e-05 7.907409e+02 3.170143e+02 8.753708e+02
-4.606517e-05 8.021414e+02 3.215848e+02 8.879915e+02
-4.542551e-05 8.208596e+02 3.290891e+02 9.087130e+02
-4.494831e-05 8.103861e+02 3.248902e+02 8.971186e+02
-4.475327e-05 8.157759e+02 3.270510e+02 9.030852e+02
-4.488461e-05 8.161665e+02 3.272076e+02 9.035176e+02
-4.540365e-05 7.989301e+02 3.202974e+02 8.844364e+02
-4.617404e-05 8.065133e+02 3.233375e+02 8.928312e+02
-4.733789e-05 7.936007e+02 3.181608e+02 8.785367e+02
-4.913168e-05 7.929133e+02 3.178852e+02 8.777757e+02
-5.124287e-05 7.954232e+02 3.188914e+02 8.805542e+02
-5.351432e-05 7.885021e+02 3.161167e+02 8.728924e+02
-5.631610e-05 7.868172e+02 3.154412e+02 8.710271e+02
-5.976584e-05 7.810008e+02 3.131094e+02 8.645882e+02
-6.367580e-05 7.769292e+02 3.114770e+02 8.600809e+02
-6.789263e-05 7.720522e+02 3.095218e+02 8.546819e+02
-7.213715e-05 7.689428e+02 3.082752e+02 8.512397e+02
-7.646256e-05 7.658915e+02 3.070519e+02 8.478619e+02
-8.052120e-05 7.631796e+02 3.059647e+02 8.448597e+02
-8.338989e-05 7.601533e+02 3.047514e+02 8.415095e+02
-8.556003e-05 7.709443e+02 3.090776e+02 8.534554e+02
-8.784870e-05 7.764963e+02 3.113034e+02 8.596016e+02
-8.980116e-05 7.693496e+02 3.084383e+02 8.516901e+02
-9.050171e-05 7.750021e+02 3.107044e+02 8.579475e+02
-9.022661e-05 7.815299e+02 3.133215e+02 8.651739e+02
-8.924652e-05 7.775987e+02 3.117454e+02 8.608221e+02
-8.739144e-05 7.690651e+02 3.083242e+02 8.513751e+02
-8.490334e-05 7.566744e+02 3.033567e+02 8.376582e+02
-8.160491e-05 7.492053e+02 3.003623e+02 8.293898e+02
-7.747292e-05 7.510697e+02 3.011097e+02 8.314537e+02
-7.388394e-05 7.553002e+02 3.028058e+02 8.361370e+02
-7.152184e-05 7.522737e+02 3.015924e+02 8.327865e+02
-6.935381e-05 7.557646e+02 3.029920e+02 8.366511e+02
-6.690215e-05 7.554396e+02 3.028617e+02 8.362913e+02
-6.430399e-05 7.714859e+02 3.092948e+02 8.540550e+02
-6.176779e-05 7.826925e+02 3.137876e+02 8.664609e+02
-5.968665e-05 7.889515e+02 3.162969e+02 8.733899e+02
-5.798292e-05 7.864558e+02 3.152963e+02 8.706270e+02
-5.663646e-05 7.876830e+02 3.157883e+02 8.719856e+02
-5.556589e-05 7.864371e+02 3.152888e+02 8.706063e+02
-5.438570e-05 7.786925e+02 3.121839e+02 8.620329e+02
-5.329203e-05 7.813897e+02 3.132653e+02 8.650188e+02
-5.242459e-05 7.917808e+02 3.174311e+02 8.765220e+02
-5.172480e-05 7.891606e+02 3.163807e+02 8.736214e+02
-5.096338e-05 7.975697e+02 3.197520e+02 8.829305e+02
-5.009867e-05 7.985608e+02 3.201493e+02 8.840276e+02
-4.917346e-05 7.915586e+02 3.173421e+02 8.762760e+02
-4.806822e-05 7.924717e+02 3.177081e+02 8.772868e+02
-4.703110e-05 7.827061e+02 3.137930e+02 8.664760e+02
-4.619505e-05 7.831760e+02 3.139814e+02 8.669962e+02
-4.528644e-05 8.006556e+02 3.209891e+02 8.863466e+02
-4.420804e-05 7.936796e+02 3.181924e+02 8.786239e+02
-4.310112e-05 7.835523e+02 3.141323e+02 8.674128e+02
-4.217348e-05 7.899735e+02 3.167066e+02 8.745213e+02
-4.157919e-05 7.898200e+02 3.166450e+02 8.743513e+02
-4.120088e-05 7.856711e+02 3.149817e+02 8.697583e+02
-4.111425e-05 7.740938e+02 3.103403e+02 8.569420e+02
-4.124113e-05 7.714349e+02 3.092743e+02 8.539986e+02
-4.141614e-05 7.688164e+02 3.082245e+02 8.510998e+02
-4.160908e-05 7.610755e+02 3.051211e+02 8.425304e+02
-4.178611e-05 7.600798e+02 3.047219e+02 8.414281e+02
-4.196514e-05 7.555056e+02 3.028881e+02 8.363643e+02
-4.215161e-05 7.530563e+02 3.019062e+02 8.336529e+02
-4.233407e-05 7.427970e+02 2.977931e+02 8.222956e+02
-4.243900e-05 7.322397e+02 2.935607e+02 8.106085e+02
-4.267141e-05 7.228619e+02 2.898010e+02 8.002269e+02
-4.293873e-05 7.292566e+02 2.923647e+02 8.073060e+02
-4.282992e-05 7.376909e+02 2.957461e+02 8.166430e+02
-4.248618e-05 7.355540e+02 2.948894e+02 8.142775e+02
-4.216183e-05 7.426765e+02 2.977448e+02 8.221622e+02
-4.193791e-05 7.480008e+02 2.998794e+02 8.280563e+02
-4.171115e-05 7.614450e+02 3.052693e+02 8.429394e+02
-4.157377e-05 7.654916e+02 3.068916e+02 8.474192e+02
-4.160287e-05 7.806480e+02 3.129679e+02 8.641977e+02
-4.158121e-05 7.902472e+02 3.168163e+02 8.748243e+02
-4.158919e-05 7.894036e+02 3.164781e+02 8.738904e+02
-4.163520e-05 7.970930e+02 3.195608e+02 8.824027e+02
-4.179146e-05 7.973640e+02 3.196695e+02 8.827027e+02
-4.217499e-05 7.864591e+02 3.152976e+02 8.706307e+02
-4.270156e-05 8.004983e+02 3.209260e+02 8.861724e+02
-4.334372e-05 8.048311e+02 3.226631e+02 8.909690e+02
-4.396141e-05 7.912324e+02 3.172113e+02 8.759149e+02
-4.448084e-05 7.922780e+02 3.176305e+02 8.770723e+02
-4.479685e-05 7.757039e+02 3.109858e+02 8.587244e+02
-4.495600e-05 7.753392e+02 3.108396e+02 8.583207e+02
-4.506467e-05 7.678612e+02 3.078416e+02 8.500424e+02
-4.513258e-05 7.755302e+02 3.109162e+02 8.585322e+02
-4.539694e-05 7.637902e+02 3.062095e+02 8.455357e+02
-4.594304e-05 7.661389e+02 3.071511e+02 8.481357e+02
-4.672499e-05 7.629887e+02 3.058882e+02 8.446484e+02
-4.794631e-05 7.780058e+02 3.119086e+02 8.612727e+02
-4.943018e-05 7.731279e+02 3.099530e+02 8.558727e+02
-5.074675e-05 7.742871e+02 3.104178e+02 8.571560e+02
-5.202923e-05 7.831882e+02 3.139863e+02 8.670098e+02
-5.327217e-05 7.737775e+02 3.102135e+02 8.565918e+02
-5.416524e-05 7.628053e+02 3.058146e+02 8.444453e+02
-5.497285e-05 7.488060e+02 3.002022e+02 8.289477e+02
-5.589666e-05 7.519439e+02 3.014602e+02 8.324215e+02
-5.684564e-05 7.541752e+02 3.023547e+02 8.348915e+02
-5.788724e-05 7.528734e+02 3.018329e+02 8.334505e+02
-5.911891e-05 7.415002e+02 2.972733e+02 8.208601e+02
-6.062632e-05 7.398882e+02 2.966270e+02 8.190755e+02
-6.218415e-05 7.368252e+02 2.953990e+02 8.156847e+02
-6.378963e-05 7.487604e+02 3.001839e+02 8.288973e+02
-6.575263e-05 7.553672e+02 3.028326e+02 8.362111e+02
-6.758546e-05 7.585832e+02 3.041220e+02 8.397714e+02
-6.908266e-05 7.626374e+02 3.057473e+02 8.442594e+02
-7.068889e-05 7.695036e+02 3.085000e+02 8.518605e+02
-7.226649e-05 7.762470e+02 3.112035e+02 8.593257e+02
-7.382172e-05 7.837674e+02 3.142185e+02 8.676509e+02
-7.547867e-05 7.819600e+02 3.134939e+02 8.656501e+02
-7.684386e-05 7.792702e+02 3.124155e+02 8.626724e+02
-7.796126e-05 7.700213e+02 3.087076e+02 8.524337e+02
-7.912895e-05 7.724981e+02 3.097006e+02 8.551755e+02
-8.009877e-05 7.676441e+02 3.077545e+02 8.498020e+02
-8.069930e-05 7.633729e+02 3.060422e+02 8.450736e+02
-8.091419e-05 7.662522e+02 3.071965e+02 8.482611e+02
-8.100173e-05 7.626219e+02 3.057411e+02 8.442424e+02
-8.119678e-05 7.587990e+02 3.042085e+02 8.400103e+02
-8.137545e-05 7.580961e+02 3.039267e+02 8.392322e+02
-8.177852e-05 7.585380e+02 3.041038e+02 8.397213e+02
-8.309797e-05 7.575089e+02 3.036913e+02 8.385821e+02
-8.546192e-05 7.561771e+02 3.031573e+02 8.371077e+02
-8.890859e-05 7.578343e+02 3.038217e+02 8.389423e+02
-9.361767e-05 7.517150e+02 3.013684e+02 8.321681e+02
-9.944922e-05 7.513377e+02 3.012172e+02 8.317504e+02
-1.057656e-04 7.694029e+02 3.084597e+02 8.517490e+02
-1.118715e-04 7.700030e+02 3.087002e+02 8.524134e+02
-1.175887e-04 7.635103e+02 3.060973e+02 8.452257e+02
-1.234260e-04 7.608647e+02 3.050366e+02 8.422971e+02
-1.302079e-04 7.662184e+02 3.071830e+02 8.482238e+02
-1.378576e-04 7.623273e+02 3.056230e+02 8.439162e+02
-1.463784e-04 7.668750e+02 3.074462e+02 8.489506e+02
-1.556814e-04 7.697728e+02 3.086080e+02 8.521586e+02
-1.649823e-04 7.563727e+02 3.032357e+02 8.373242e+02
-1.731743e-04 7.783037e+02 3.120280e+02 8.616024e+02
-1.804771e-04 7.720162e+02 3.095074e+02 8.546421e+02
-1.887588e-04 7.627724e+02 3.058014e+02 8.444089e+02
-1.965789e-04 7.676548e+02 3.077588e+02 8.498139e+02
-2.033945e-04 7.599460e+02 3.046683e+02 8.412800e+02
-2.109561e-04 7.536751e+02 3.021543e+02 8.343380e+02
-2.215057e-04 7.415938e+02 2.973108e+02 8.209637e+02
-2.378101e-04 7.369772e+02 2.954600e+02 8.158530e+02
-2.587179e-04 7.348432e+02 2.946044e+02 8.134905e+02
-2.821022e-04 7.238513e+02 2.901977e+02 8.013222e+02
-3.082146e-04 7.226044e+02 2.896978e+02 7.999418e+02
-3.379364e-04 7.179835e+02 2.878452e+02 7.948264e+02
-3.681430e-04 7.095051e+02 2.844462e+02 7.854406e+02
-3.980264e-04 7.119104e+02 2.854105e+02 7.881034e+02
-4.293156e-04 6.982103e+02 2.799180e+02 7.729369e+02
-4.575687e-04 7.190094e+02 2.882565e+02 7.959622e+02
-4.777822e-04 7.235553e+02 2.900790e+02 8.009945e+02
-4.923987e-04 7.278733e+02 2.918101e+02 8.057747e+02
-4.972109e-04 7.400312e+02 2.966843e+02 8.192338e+02
-4.882771e-04 7.529826e+02 3.018766e+02 8.335714e+02
-4.686985e-04 7.623314e+02 3.056246e+02 8.439207e+02
-4.420325e-04 7.717825e+02 3.094137e+02 8.543833e+02
-4.182618e-04 7.819404e+02 3.134860e+02 8.656284e+02
-3.983123e-04 7.817341e+02 3.134033e+02 8.654000e+02
-3.765341e-04 7.722911e+02 3.096176e+02 8.549464e+02
-3.506983e-04 7.545469e+02 3.025038e+02 8.353031e+02
-3.227429e-04 7.507232e+02 3.009708e+02 8.310701e+02
-3.006161e-04 7.493053e+02 3.004024e+02 8.295005e+02
-2.823404e-04 7.439431e+02 2.982526e+02 8.235644e+02
-2.588382e-04 7.290209e+02 2.922702e+02 8.070451e+02
-2.322757e-04 7.242529e+02 2.903587e+02 8.017668e+02
-2.121146e-04 7.305264e+02 2.928738e+02 8.087117e+02
-1.960158e-04 7.502668e+02 3.007879e+02 8.305649e+02
-1.783078e-04 7.552251e+02 3.027757e+02 8.360538e+02
-1.605567e-04 7.681238e+02 3.079469e+02 8.503330e+02
-1.424516e-04 7.734633e+02 3.100875e+02 8.562440e+02
-1.242173e-04 7.723648e+02 3.096471e+02 8.550279e+02
-1.087140e-04 7.762979e+02 3.112239e+02 8.593820e+02
-9.698248e-05 7.775965e+02 3.117445e+02 8.608196e+02
-8.776923e-05 7.751564e+02 3.107663e+02 8.581183e+02
-8.038777e-05 7.859906e+02 3.151098e+02 8.701121e+02
-7.444162e-05 7.907535e+02 3.170193e+02 8.753847e+02
-6.885655e-05 7.901942e+02 3.167950e+02 8.747655e+02
-6.327381e-05 7.819277e+02 3.134810e+02 8.656144e+02
-5.775251e-05 7.829646e+02 3.138967e+02 8.667622e+02
-5.253688e-05 7.724521e+02 3.096821e+02 8.551246e+02
-4.804660e-05 7.801485e+02 3.127676e+02 8.636447e+02
-4.442543e-05 7.856076e+02 3.149563e+02 8.696881e+02
-4.162035e-05 7.828543e+02 3.138524e+02 8.666401e+02
-3.936944e-05 7.904218e+02 3.168863e+02 8.750175e+02
-3.740026e-05 7.925898e+02 3.177555e+02 8.774176e+02
-3.567715e-05 7.950401e+02 3.187378e+02 8.801301e+02
-3.434470e-05 7.814769e+02 3.133002e+02 8.651153e+02
-3.331772e-05 7.725708e+02 3.097297e+02 8.552560e+02
-3.247512e-05 7.734834e+02 3.100956e+02 8.562662e+02
-3.171032e-05 7.734463e+02 3.100807e+02 8.562252e+02
-3.103953e-05 7.662712e+02 3.072042e+02 8.482822e+02
-3.050417e-05 7.649642e+02 3.066802e+02 8.468353e+02
-3.001643e-05 7.669127e+02 3.074613e+02 8.489923e+02
-2.966909e-05 7.663634e+02 3.072411e+02 8.483843e+02
-2.950884e-05 7.668221e+02 3.074250e+02 8.488920e+02
-2.935966e-05 7.703888e+02 3.088549e+02 8.528405e+02
-2.919911e-05 7.774849e+02 3.116998e+02 8.606960e+02
-2.914721e-05 7.565681e+02 3.033141e+02 8.375406e+02
-2.914214e-05 7.462384e+02 2.991728e+02 8.261053e+02
-2.909596e-05 7.410786e+02 2.971042e+02 8.203934e+02
-2.907299e-05 7.528076e+02 3.018065e+02 8.333776e+02
-2.902057e-05 7.592268e+02 3.043800e+02 8.404838e+02
-2.890289e-05 7.667990e+02 3.074157e+02 8.488665e+02
-2.883470e-05 7.682010e+02 3.079778e+02 8.504186e+02
-2.882563e-05 7.562133e+02 3.031719e+02 8.371479e+02
-2.886216e-05 7.520715e+02 3.015114e+02 8.325627e+02
-2.901278e-05 7.570145e+02 3.034931e+02 8.380348e+02
-2.923301e-05 7.428842e+02 2.978281e+02 8.223921e+02
-2.951083e-05 7.708670e+02 3.090466e+02 8.533698e+02
-2.980816e-05 7.639266e+02 3.062642e+02 8.456866e+02
-3.009810e-05 7.627723e+02 3.058014e+02 8.444087e+02
-3.045523e-05 7.602875e+02 3.048052e+02 8.416581e+02
-3.087896e-05 7.648132e+02 3.066196e+02 8.466681e+02
-3.133734e-05 7.596020e+02 3.045304e+02 8.408992e+02
-3.194533e-05 7.624716e+02 3.056809e+02 8.440760e+02
-3.276890e-05 7.686065e+02 3.081404e+02 8.508674e+02
-3.371215e-05 7.732425e+02 3.099990e+02 8.559996e+02
-3.467260e-05 7.721389e+02 3.095565e+02 8.547779e+02
-3.561219e-05 7.862047e+02 3.151956e+02 8.703491e+02
-3.681458e-05 7.918598e+02 3.174628e+02 8.766094e+02
-3.838607e-05 8.028737e+02 3.218784e+02 8.888021e+02
-4.025993e-05 7.875103e+02 3.157191e+02 8.717944e+02
-4.247567e-05 7.761390e+02 3.111602e+02 8.592061e+02
-4.504079e-05 7.673175e+02 3.076236e+02 8.494405e+02
-4.773276e-05 7.582289e+02 3.039799e+02 8.393792e+02
-5.082804e-05 7.533961e+02 3.020424e+02 8.340292e+02
-5.458492e-05 7.506853e+02 3.009556e+02 8.310281e+02
-5.829918e-05 7.452867e+02 2.987913e+02 8.250518e+02
-6.219262e-05 7.297196e+02 2.925503e+02 8.078186e+02
-6.675402e-05 7.316614e+02 2.933288e+02 8.099683e+02
-7.204629e-05 7.310186e+02 2.930711e+02 8.092566e+02
-7.850553e-05 7.398055e+02 2.965938e+02 8.189840e+02
-8.604053e-05 7.495374e+02 3.004954e+02 8.297574e+02
-9.334026e-05 7.399852e+02 2.966659e+02 8.191829e+02
-1.001622e-04 7.599771e+02 3.046808e+02 8.413144e+02
-1.067904e-04 7.655569e+02 3.069178e+02 8.474915e+02
-1.129467e-04 7.729278e+02 3.098728e+02 8.556512e+02
-1.192933e-04 7.729547e+02 3.098836e+02 8.556810e+02
-1.268323e-04 7.838715e+02 3.142602e+02 8.677662e+02
-1.354396e-04 7.816600e+02 3.133736e+02 8.653180e+02
-1.440770e-04 7.919332e+02 3.174922e+02 8.766907e+02
-1.552121e-04 7.909732e+02 3.171073e+02 8.756279e+02
-1.695591e-04 7.870728e+02 3.155437e+02 8.713101e+02
-1.840870e-04 7.797037e+02 3.125893e+02 8.631522e+02
-1.991794e-04 7.809885e+02 3.131044e+02 8.645746e+02
-2.167039e-04 7.891175e+02 3.163634e+02 8.735736e+02
-2.355302e-04 7.830531e+02 3.139321e+02 8.668602e+02
-2.550818e-04 7.746455e+02 3.105614e+02 8.575527e+02
-2.698284e-04 7.805666e+02 3.129353e+02 8.641076e+02
-2.758926e-04 7.740977e+02 3.103419e+02 8.569464e+02
-2.768112e-04 7.547259e+02 3.025755e+02 8.355012e+02
-2.777221e-04 7.468890e+02 2.994337e+02 8.268256e+02
-2.859093e-04 7.513804e+02 3.012343e+02 8.317977e+02
-3.009454e-04 7.522358e+02 3.015773e+02 8.327447e+02
-3.192187e-04 7.449753e+02 2.986664e+02 8.247071e+02
-3.436775e-04 7.488739e+02 3.002294e+02 8.290229e+02
-3.709347e-04 7.547774e+02 3.025962e+02 8.355583e+02
-4.005430e-04 7.447970e+02 2.985949e+02 8.245096e+02
-4.358891e-04 7.506185e+02 3.009288e+02 8.309542e+02
-4.745568e-04 7.510669e+02 3.011086e+02 8.314506e+02
-5.227638e-04 7.556084e+02 3.029293e+02 8.364781e+02
-5.796218e-04 7.646305e+02 3.065464e+02 8.464659e+02
-6.390346e-04 7.631835e+02 3.059662e+02 8.448640e+02
-7.094773e-04 7.822127e+02 3.135952e+02 8.659299e+02
-7.808771e-04 7.874884e+02 3.157103e+02 8.717702e+02
-8.430582e-04 7.746629e+02 3.105685e+02 8.575721e+02
-8.872201e-04 7.860302e+02 3.151257e+02 8.701559e+02
-9.010307e-04 7.975241e+02 3.197337e+02 8.828800e+02
-9.169510e-04 8.014659e+02 3.213140e+02 8.872437e+02
-9.391538e-04 8.092290e+02 3.244262e+02 8.958375e+02
-9.411969e-04 8.191215e+02 3.283923e+02 9.067889e+02
-9.469503e-04 8.013136e+02 3.212529e+02 8.870750e+02
-9.668835e-04 8.047824e+02 3.226436e+02 8.909151e+02
-9.952083e-04 7.873955e+02 3.156730e+02 8.716673e+02
-1.011584e-03 7.828586e+02 3.138542e+02 8.666449e+02
-9.992642e-04 8.045043e+02 3.225321e+02 8.906072e+02
-9.761716e-04 7.984268e+02 3.200956e+02 8.838793e+02
-9.534446e-04 8.004168e+02 3.208934e+02 8.860822e+02
-9.470398e-04 7.870715e+02 3.155432e+02 8.713087e+02
-9.598942e-04 7.868086e+02 3.154377e+02 8.710176e+02
-9.802526e-04 7.777020e+02 3.117868e+02 8.609364e+02
-1.002955e-03 7.852690e+02 3.148205e+02 8.693132e+02
-1.020113e-03 7.901538e+02 3.167788e+02 8.747208e+02
-1.021082e-03 7.863193e+02 3.152416e+02 8.704760e+02
-1.014504e-03 7.862311e+02 3.152062e+02 8.703783e+02
-1.007459e-03 7.820691e+02 3.135376e+02 8.657708e+02
-1.000539e-03 7.782828e+02 3.120197e+02 8.615793e+02
-9.846015e-04 7.721541e+02 3.095626e+02 8.547947e+02
-9.316075e-04 7.788303e+02 3.122392e+02 8.621854e+02
-8.608493e-04 7.771240e+02 3.115551e+02 8.602965e+02
-7.717419e-04 7.925542e+02 3.177412e+02 8.773781e+02
-6.651823e-04 7.982169e+02 3.200114e+02 8.836469e+02
-5.713672e-04 7.883374e+02 3.160507e+02 8.727100e+02
-4.924226e-04 7.853742e+02 3.148627e+02 8.694297e+02
-4.237520e-04 7.771547e+02 3.115674e+02 8.603304e+02
-3.647247e-04 7.947068e+02 3.186042e+02 8.797611e+02
-3.129326e-04 7.951583e+02 3.187852e+02 8.802609e+02
-2.631823e-04 7.965903e+02 3.193593e+02 8.818462e+02
-2.199359e-04 7.982473e+02 3.200236e+02 8.836806e+02
-1.867062e-04 7.993797e+02 3.204776e+02 8.849341e+02
-1.629314e-04 7.951795e+02 3.187937e+02 8.802844e+02
-1.449677e-04 7.758260e+02 3.110347e+02 8.588596e+02
-1.299486e-04 7.831345e+02 3.139648e+02 8.669503e+02
-1.177433e-04 7.862719e+02 3.152226e+02 8.704235e+02
-1.088260e-04 7.783563e+02 3.120491e+02 8.616607e+02
-1.031668e-04 7.878297e+02 3.158471e+02 8.721480e+02
-1.002670e-04 7.932351e+02 3.180142e+02 8.781319e+02
-9.923627e-05 7.846145e+02 3.145581e+02 8.685886e+02
-9.902557e-05 7.798294e+02 3.126397e+02 8.632914e+02
-9.943781e-05 7.735126e+02 3.101073e+02 8.562986e+02
-1.006803e-04 7.682943e+02 3.080152e+02 8.505218e+02
-1.030454e-04 7.775888e+02 3.117415e+02 8.608111e+02
-1.062453e-04 7.729368e+02 3.098764e+02 8.556612e+02
-1.101201e-04 7.576854e+02 3.037620e+02 8.387775e+02
-1.146465e-04 7.542554e+02 3.023869e+02 8.349804e+02
-1.188591e-04 7.578374e+02 3.038230e+02 8.389458e+02
-1.223124e-04 7.629029e+02 3.058537e+02 8.445533e+02
-1.251866e-04 7.685623e+02 3.081226e+02 8.508184e+02
-1.271936e-04 7.761586e+02 3.111681e+02 8.592278e+02
-1.284673e-04 7.751199e+02 3.107517e+02 8.580779e+02
-1.290199e-04 7.817045e+02 3.133915e+02 8.653673e+02
-1.300024e-04 7.832486e+02 3.140105e+02 8.670766e+02
-1.316351e-04 7.892711e+02 3.164250e+02 8.737437e+02
-1.327968e-04 7.860878e+02 3.151488e+02 8.702197e+02
-1.334870e-04 7.727400e+02 3.097975e+02 8.554433e+02
-1.335958e-04 7.685929e+02 3.081349e+02 8.508523e+02
-1.323270e-04 7.709945e+02 3.090978e+02 8.535110e+02
-1.298822e-04 7.665208e+02 3.073042e+02 8.485585e+02
-1.265380e-04 7.615123e+02 3.052962e+02 8.430139e+02
-1.222615e-04 7.737061e+02 3.101848e+02 8.565128e+02
-1.176574e-04 7.573969e+02 3.036464e+02 8.384581e+02
-1.125276e-04 7.540089e+02 3.022881e+02 8.347074e+02
-1.073288e-04 7.422596e+02 2.975777e+02 8.217007e+02
-1.023481e-04 7.559280e+02 3.030575e+02 8.368320e+02
-9.785892e-05 7.435264e+02 2.980856e+02 8.231031e+02
-9.364212e-05 7.493497e+02 3.004202e+02 8.295497e+02
-8.922307e-05 7.400279e+02 2.966830e+02 8.192301e+02
-8.475332e-05 7.311434e+02 2.931211e+02 8.093948e+02
-7.970755e-05 7.313540e+02 2.932056e+02 8.096280e+02
-7.459444e-05 7.413075e+02 2.971960e+02 8.206467e+02
-7.049067e-05 7.427730e+02 2.977835e+02 8.222691e+02
-6.721971e-05 7.323336e+02 2.935983e+02 8.107123e+02
-6.390379e-05 7.313309e+02 2.931963e+02 8.096024e+02
-6.049083e-05 7.469776e+02 2.994692e+02 8.269237e+02
-5.732466e-05 7.346726e+02 2.945360e+02 8.133017e+02
-5.451052e-05 7.442720e+02 2.983845e+02 8.239285e+02
-5.217183e-05 7.523225e+02 3.016120e+02 8.328406e+02
-5.014541e-05 7.540072e+02 3.022874e+02 8.347056e+02
-4.809689e-05 7.347579e+02 2.945702e+02 8.133962e+02
-4.623222e-05 7.161811e+02 2.871226e+02 7.928311e+02
-4.505499e-05 7.230418e+02 2.898731e+02 8.004261e+02
-4.429320e-05 7.174506e+02 2.876316e+02 7.942365e+02
-4.346675e-05 7.142570e+02 2.863512e+02 7.907011e+02
-4.262621e-05 7.200847e+02 2.886876e+02 7.971526e+02
-4.190833e-05 7.224331e+02 2.896291e+02 7.997523e+02
-4.133540e-05 7.428565e+02 2.978170e+02 8.223614e+02
-4.076905e-05 7.478262e+02 2.998094e+02 8.278631e+02
-4.009374e-05 7.598371e+02 3.046246e+02 8.411594e+02
-3.960643e-05 7.511655e+02 3.011482e+02 8.315598e+02
-3.943836e-05 7.648337e+02 3.066278e+02 8.466908e+02
-3.958995e-05 7.597275e+02 3.045807e+02 8.410382e+02
-4.003456e-05 7.450895e+02 2.987122e+02 8.248335e+02
-4.058088e-05 7.467901e+02 2.993940e+02 8.267161e+02
-4.104901e-05 7.554519e+02 3.028666e+02 8.363050e+02
-4.098382e-05 7.569975e+02 3.034863e+02 8.380160e+02
-4.046182e-05 7.554291e+02 3.028574e+02 8.362797e+02
-3.991695e-05 7.666773e+02 3.073669e+02 8.487317e+02
-3.906743e-05 7.819115e+02 3.134744e+02 8.655963e+02
-3.800740e-05 7.861244e+02 3.151634e+02 8.702602e+02
-3.708005e-05 7.945933e+02 3.185587e+02 8.796355e+02
-3.590197e-05 8.029955e+02 3.219272e+02 8.889370e+02
-3.455696e-05 8.122362e+02 3.256319e+02 8.991666e+02
-3.321498e-05 8.100725e+02 3.247644e+02 8.967713e+02
-3.173559e-05 8.192152e+02 3.284298e+02 9.068925e+02
-3.029085e-05 8.323071e+02 3.336785e+02 9.213856e+02
-2.898476e-05 8.472485e+02 3.396686e+02 9.379262e+02
-2.781942e-05 8.502248e+02 3.408618e+02 9.412210e+02
-2.687852e-05 8.379169e+02 3.359275e+02 9.275959e+02
-2.621195e-05 8.153273e+02 3.268711e+02 9.025885e+02
-2.583859e-05 8.163211e+02 3.272695e+02 9.036887e+02
-2.574918e-05 8.135592e+02 3.261623e+02 9.006313e+02
-2.593331e-05 8.004694e+02 3.209145e+02 8.861404e+02
-2.635559e-05 8.172882e+02 3.276573e+02 9.047594e+02
-2.702952e-05 8.127503e+02 3.258380e+02 8.997358e+02
-2.790342e-05 8.306949e+02 3.330321e+02 9.196009e+02
-2.891424e-05 8.367797e+02 3.354716e+02 9.263370e+02
-3.007772e-05 8.118377e+02 3.254721e+02 8.987255e+02
-3.141802e-05 8.014301e+02 3.212996e+02 8.872040e+02
-3.298523e-05 8.124724e+02 3.257266e+02 8.994281e+02
-3.468213e-05 8.015031e+02 3.213289e+02 8.872848e+02
-3.654031e-05 8.035001e+02 3.221295e+02 8.894956e+02
-3.858103e-05 7.974290e+02 3.196956e+02 8.827747e+02
-4.107010e-05 7.983700e+02 3.200728e+02 8.838164e+02
-4.384781e-05 7.876414e+02 3.157716e+02 8.719396e+02
-4.641607e-05 7.816323e+02 3.133625e+02 8.652873e+02
-4.864988e-05 7.896391e+02 3.165725e+02 8.741511e+02
-5.069704e-05 7.831785e+02 3.139824e+02 8.669991e+02
-5.270062e-05 7.872455e+02 3.156129e+02 8.715013e+02
-5.502668e-05 7.754516e+02 3.108846e+02 8.584452e+02
-5.711167e-05 7.812632e+02 3.132145e+02 8.648787e+02
-5.828660e-05 7.491405e+02 3.003363e+02 8.293181e+02
-5.863201e-05 7.507909e+02 3.009980e+02 8.311450e+02
-5.858381e-05 7.471547e+02 2.995402e+02 8.271197e+02
-5.886104e-05 7.483582e+02 3.000227e+02 8.284520e+02
-5.901005e-05 7.397176e+02 2.965586e+02 8.188867e+02
-5.885159e-05 7.400288e+02 2.966834e+02 8.192312e+02
-5.856467e-05 7.470592e+02 2.995019e+02 8.270140e+02
-5.806301e-05 7.593210e+02 3.044178e+02 8.405881e+02
-5.738813e-05 7.741811e+02 3.103753e+02 8.570387e+02
-5.631957e-05 7.800456e+02 3.127264e+02 8.635308e+02
-5.499393e-05 7.710198e+02 3.091079e+02 8.535390e+02
-5.398563e-05 7.652393e+02 3.067904e+02 8.471398e+02
-5.338329e-05 7.764592e+02 3.112886e+02 8.595605e+02
-5.339193e-05 7.821029e+02 3.135512e+02 8.658083e+02
-5.398310e-05 7.810697e+02 3.131370e+02 8.646645e+02
-5.492508e-05 7.737486e+02 3.102019e+02 8.565599e+02
-5.607199e-05 7.738742e+02 3.102522e+02 8.566989e+02
-5.747580e-05 7.921660e+02 3.175856e+02 8.769483e+02
-5.912835e-05 8.008061e+02 3.210495e+02 8.865133e+02
-6.074074e-05 8.036154e+02 3.221757e+02 8.896231e+02
-6.269216e-05 8.031255e+02 3.219793e+02 8.890809e+02
-6.500729e-05 7.892918e+02 3.164333e+02 8.737665e+02
-6.712798e-05 7.842156e+02 3.143982e+02 8.681471e+02
-6.937012e-05 7.945546e+02 3.185432e+02 8.795927e+02
-7.231022e-05 8.251123e+02 3.307940e+02 9.134208e+02
-7.603343e-05 8.456858e+02 3.390421e+02 9.361963e+02
-8.053032e-05 8.449595e+02 3.387509e+02 9.353921e+02
-8.602359e-05 8.577080e+02 3.438619e+02 9.495051e+02
-9.223205e-05 8.520853e+02 3.416077e+02 9.432806e+02
-9.939920e-05 8.615725e+02 3.454112e+02 9.537832e+02
-1.080203e-04 8.623567e+02 3.457256e+02 9.546513e+02
-1.186358e-04 8.591840e+02 3.444536e+02 9.511390e+02
-1.328558e-04 8.713676e+02 3.493381e+02 9.646266e+02
-1.504758e-04 8.734296e+02 3.501648e+02 9.669093e+02
-1.721342e-04 8.769040e+02 3.515577e+02 9.707556e+02
-2.003900e-04 8.883038e+02 3.561280e+02 9.833754e+02
-2.353018e-04 8.815238e+02 3.534098e+02 9.758698e+02
-2.787874e-04 8.888446e+02 3.563448e+02 9.839741e+02
-3.328813e-04 9.089672e+02 3.644121e+02 1.006250e+03
-3.987596e-04 8.872089e+02 3.556890e+02 9.821634e+02
-4.778943e-04 8.812176e+02 3.532871e+02 9.755308e+02
-5.741940e-04 8.829081e+02 3.539648e+02 9.774022e+02
-6.859247e-04 8.933589e+02 3.581546e+02 9.889716e+02
-8.086890e-04 9.033711e+02 3.621686e+02 1.000055e+03
-9.497002e-04 9.066687e+02 3.634906e+02 1.003706e+03
-1.096519e-03 9.212849e+02 3.693503e+02 1.019886e+03
-1.238258e-03 9.123136e+02 3.657537e+02 1.009955e+03
-1.378339e-03 9.060426e+02 3.632396e+02 1.003013e+03
-1.557146e-03 9.134580e+02 3.662125e+02 1.011222e+03
-1.792419e-03 9.106925e+02 3.651038e+02 1.008160e+03
-2.073108e-03 9.002721e+02 3.609262e+02 9.966247e+02
-2.423322e-03 9.091972e+02 3.645043e+02 1.006505e+03
-2.794915e-03 9.193226e+02 3.685637e+02 1.017714e+03
-3.137139e-03 9.011824e+02 3.612911e+02 9.976324e+02
-3.472442e-03 8.885449e+02 3.562246e+02 9.836423e+02
-3.814799e-03 8.770510e+02 3.516166e+02 9.709183e+02
-4.194143e-03 8.717242e+02 3.494811e+02 9.650214e+02
-4.522507e-03 8.617734e+02 3.454917e+02 9.540056e+02
-4.721351e-03 8.656102e+02 3.470299e+02 9.582530e+02
-4.834437e-03 8.612216e+02 3.452705e+02 9.533947e+02
-4.840606e-03 8.730525e+02 3.500136e+02 9.664919e+02
-4.757018e-03 8.790754e+02 3.524282e+02 9.731593e+02
-4.541920e-03 8.695783e+02 3.486208e+02 9.626459e+02
-4.173388e-03 8.614018e+02 3.453427e+02 9.535942e+02
-3.725991e-03 8.746349e+02 3.506480e+02 9.682436e+02
-3.276151e-03 8.716937e+02 3.494688e+02 9.649876e+02
-2.925747e-03 8.707029e+02 3.490716e+02 9.638907e+02
-2.631819e-03 8.769498e+02 3.515760e+02 9.708062e+02
-2.369561e-03 8.650083e+02 3.467886e+02 9.575867e+02
-2.188974e-03 8.512077e+02 3.412558e+02 9.423091e+02
-2.082335e-03 8.448590e+02 3.387106e+02 9.352810e+02
-2.066464e-03 8.413580e+02 3.373070e+02 9.314052e+02
-2.155044e-03 8.430554e+02 3.379875e+02 9.332843e+02
-2.374890e-03 8.288729e+02 3.323017e+02 9.175839e+02
-2.718849e-03 8.211712e+02 3.292140e+02 9.090579e+02
-3.166050e-03 8.234944e+02 3.301454e+02 9.116297e+02
-3.722940e-03 8.327915e+02 3.338727e+02 9.219219e+02
-4.440394e-03 8.385719e+02 3.361900e+02 9.283209e+02
-5.404876e-03 8.213652e+02 3.292917e+02 9.092726e+02
-6.608107e-03 8.268101e+02 3.314747e+02 9.153003e+02
-7.935030e-03 8.303736e+02 3.329033e+02 9.192452e+02
-9.502506e-03 8.410798e+02 3.371955e+02 9.310972e+02
-1.175085e-02 8.394347e+02 3.365360e+02 9.292761e+02
-1.483892e-02 8.467157e+02 3.394550e+02 9.373363e+02
-1.879442e-02 8.405728e+02 3.369922e+02 9.305360e+02
-2.371404e-02 8.395525e+02 3.365832e+02 9.294065e+02
-2.932171e-02 8.391023e+02 3.364027e+02 9.289081e+02
-3.514671e-02 8.390270e+02 3.363725e+02 9.288248e+02
-4.105732e-02 8.237195e+02 3.302356e+02 9.118790e+02
-4.677263e-02 8.189333e+02 3.283168e+02 9.065805e+02
-5.244210e-02 8.052546e+02 3.228329e+02 8.914378e+02
-5.965833e-02 7.968560e+02 3.194658e+02 8.821404e+02
-6.501485e-02 7.880280e+02 3.159266e+02 8.723675e+02
-6.812166e-02 7.773841e+02 3.116594e+02 8.605844e+02
-7.239100e-02 7.687205e+02 3.081861e+02 8.509937e+02
-7.440428e-02 7.748912e+02 3.106600e+02 8.578248e+02
-7.564640e-02 7.643660e+02 3.064403e+02 8.461731e+02
-7.849476e-02 7.641808e+02 3.063661e+02 8.459681e+02
-7.996651e-02 7.643920e+02 3.064508e+02 8.462018e+02
-8.139003e-02 7.554968e+02 3.028846e+02 8.363546e+02
-8.830991e-02 7.446809e+02 2.985484e+02 8.243812e+02
-1.028374e-01 7.408077e+02 2.969956e+02 8.200934e+02
-1.225884e-01 7.444658e+02 2.984622e+02 8.241430e+02
-1.420697e-01 7.396006e+02 2.965117e+02 8.187571e+02
-1.617466e-01 7.375650e+02 2.956956e+02 8.165036e+02
-1.840503e-01 7.557904e+02 3.030023e+02 8.366797e+02
-2.026212e-01 7.421341e+02 2.975274e+02 8.215618e+02
-2.158756e-01 7.306242e+02 2.929130e+02 8.088200e+02
-2.195904e-01 7.350504e+02 2.946875e+02 8.137199e+02
-2.148021e-01 7.302207e+02 2.927512e+02 8.083734e+02
-2.134361e-01 7.305008e+02 2.928635e+02 8.086834e+02
-2.031868e-01 7.244357e+02 2.904320e+02 8.019692e+02
-1.795771e-01 7.149184e+02 2.866164e+02 7.914333e+02
-1.506838e-01 7.197984e+02 2.885728e+02 7.968356e+02
-1.217781e-01 7.192052e+02 2.883350e+02 7.961789e+02
-1.003758e-01 7.182099e+02 2.879360e+02 7.950771e+02
-8.534813e-02 7.170139e+02 2.874565e+02 7.937530e+02
-7.369050e-02 7.148651e+02 2.865950e+02 7.913743e+02
-6.552595e-02 7.068313e+02 2.833742e+02 7.824806e+02
-6.036835e-02 7.139158e+02 2.862144e+02 7.903234e+02
-5.633894e-02 7.172506e+02 2.875514e+02 7.940151e+02
-5.334348e-02 7.323579e+02 2.936080e+02 8.107393e+02
-5.192957e-02 7.255988e+02 2.908983e+02 8.032568e+02
-5.208604e-02 7.178601e+02 2.877958e+02 7.946899e+02
-5.285960e-02 7.089028e+02 2.842047e+02 7.847738e+02
-5.454160e-02 6.943028e+02 2.783515e+02 7.686113e+02
-5.713401e-02 6.933819e+02 2.779822e+02 7.675918e+02
-6.024001e-02 7.101982e+02 2.847240e+02 7.862079e+02
-6.300461e-02 7.174175e+02 2.876183e+02 7.941999e+02
-6.075768e-02 7.180591e+02 2.878755e+02 7.949101e+02
-5.474594e-02 7.297905e+02 2.925787e+02 8.078971e+02
-5.156664e-02 7.186931e+02 2.881297e+02 7.956120e+02
-5.207283e-02 7.137713e+02 2.861565e+02 7.901634e+02
-5.098996e-02 6.898088e+02 2.765498e+02 7.636363e+02
-4.843725e-02 6.880218e+02 2.758333e+02 7.616580e+02
-4.702247e-02 6.903602e+02 2.767708e+02 7.642467e+02
-4.717907e-02 6.881377e+02 2.758798e+02 7.617864e+02
-4.827461e-02 6.867428e+02 2.753206e+02 7.602421e+02
-4.846099e-02 6.912020e+02 2.771083e+02 7.651786e+02
-4.903030e-02 6.989878e+02 2.802297e+02 7.737977e+02
-5.060145e-02 6.998055e+02 2.805575e+02 7.747029e+02
-5.327023e-02 6.991200e+02 2.802827e+02 7.739440e+02
-5.841981e-02 7.028911e+02 2.817945e+02 7.781187e+02
-6.603983e-02 7.008004e+02 2.809564e+02 7.758043e+02
-7.673199e-02 7.101620e+02 2.847095e+02 7.861678e+02
-8.698553e-02 6.956497e+02 2.788914e+02 7.701024e+02
-9.259337e-02 6.901182e+02 2.766738e+02 7.639788e+02
-9.761787e-02 6.919247e+02 2.773980e+02 7.659787e+02
-1.046667e-01 6.898162e+02 2.765527e+02 7.636445e+02
-1.140413e-01 6.889175e+02 2.761924e+02 7.626496e+02
-1.217355e-01 6.802443e+02 2.727153e+02 7.530481e+02
-1.246038e-01 6.921668e+02 2.774951e+02 7.662467e+02
-1.267458e-01 7.023296e+02 2.815695e+02 7.774972e+02
-1.289881e-01 6.937621e+02 2.781347e+02 7.680127e+02
-1.278028e-01 6.912196e+02 2.771153e+02 7.651981e+02
-1.213547e-01 6.996713e+02 2.805037e+02 7.745544e+02
-1.107465e-01 6.968813e+02 2.793852e+02 7.714657e+02
-1.005058e-01 7.003013e+02 2.807563e+02 7.752518e+02
-9.303401e-02 7.066593e+02 2.833053e+02 7.822903e+02
-8.578935e-02 7.077670e+02 2.837493e+02 7.835165e+02
-7.733677e-02 7.099477e+02 2.846236e+02 7.859306e+02
-7.093463e-02 7.054875e+02 2.828355e+02 7.809930e+02
-6.877457e-02 6.877503e+02 2.757245e+02 7.613575e+02
-6.568585e-02 6.743655e+02 2.703584e+02 7.465402e+02
-6.053233e-02 6.816847e+02 2.732928e+02 7.546427e+02
-5.455190e-02 6.771343e+02 2.714685e+02 7.496054e+02
-4.902634e-02 6.820084e+02 2.734225e+02 7.550011e+02
-4.489171e-02 6.905250e+02 2.768369e+02 7.644291e+02
-4.021193e-02 6.746561e+02 2.704749e+02 7.468618e+02
-3.554762e-02 6.811716e+02 2.730870e+02 7.540747e+02
-3.233519e-02 6.880819e+02 2.758574e+02 7.617245e+02
-3.062655e-02 6.967020e+02 2.793133e+02 7.712672e+02
-2.977986e-02 6.911711e+02 2.770959e+02 7.651444e+02
-2.887686e-02 6.940145e+02 2.782359e+02 7.682921e+02
-2.809687e-02 6.913075e+02 2.771506e+02 7.652954e+02
-2.735254e-02 6.839489e+02 2.742005e+02 7.571493e+02
-2.590520e-02 6.864020e+02 2.751839e+02 7.598649e+02
-2.498539e-02 6.758780e+02 2.709648e+02 7.482145e+02
-2.575267e-02 6.877039e+02 2.757059e+02 7.613062e+02
-2.700444e-02 6.908794e+02 2.769790e+02 7.648215e+02
-2.729069e-02 6.862027e+02 2.751040e+02 7.596442e+02
-2.613889e-02 6.867002e+02 2.753035e+02 7.601950e+02
-2.390446e-02 6.911810e+02 2.770999e+02 7.651554e+02
-2.151964e-02 6.940192e+02 2.782378e+02 7.682973e+02
-1.918739e-02 6.969304e+02 2.794049e+02 7.715201e+02
-1.658953e-02 7.018821e+02 2.813900e+02 7.770017e+02
-1.363088e-02 7.008703e+02 2.809844e+02 7.758817e+02
-1.086403e-02 6.932762e+02 2.779399e+02 7.674748e+02
-8.550815e-03 6.876813e+02 2.756968e+02 7.612811e+02
-6.784045e-03 6.948688e+02 2.785784e+02 7.692379e+02
-5.510799e-03 6.970248e+02 2.794427e+02 7.716246e+02
-4.629661e-03 6.771710e+02 2.714832e+02 7.496459e+02
-3.931230e-03 6.923958e+02 2.775869e+02 7.665002e+02
-3.274774e-03 6.948252e+02 2.785609e+02 7.691896e+02
-2.698465e-03 6.969184e+02 2.794001e+02 7.715068e+02
-2.207939e-03 6.957929e+02 2.789488e+02 7.702609e+02
-1.859123e-03 7.020569e+02 2.814601e+02 7.771953e+02
-1.604173e-03 6.944257e+02 2.784007e+02 7.687473e+02
-1.383913e-03 6.876732e+02 2.756936e+02 7.612721e+02
-1.211662e-03 6.608598e+02 2.649439e+02 7.315891e+02
-1.070547e-03 6.690441e+02 2.682250e+02 7.406493e+02
-9.528898e-04 6.759533e+02 2.709950e+02 7.482979e+02
-8.763504e-04 6.685474e+02 2.680259e+02 7.400994e+02
-8.252489e-04 6.609243e+02 2.649697e+02 7.316604e+02
-7.788440e-04 6.561547e+02 2.630576e+02 7.263804e+02
-7.391121e-04 6.743055e+02 2.703344e+02 7.464738e+02
-6.966672e-04 6.725394e+02 2.696263e+02 7.445187e+02
-6.593898e-04 6.778101e+02 2.717394e+02 7.503534e+02
-6.302526e-04 6.933903e+02 2.779856e+02 7.676011e+02
-5.994553e-04 6.991039e+02 2.802762e+02 7.739262e+02
-5.637489e-04 7.110116e+02 2.850501e+02 7.871084e+02
-5.235476e-04 7.209226e+02 2.890235e+02 7.980801e+02
-4.776697e-04 7.269242e+02 2.914296e+02 8.047240e+02
-4.325500e-04 7.428449e+02 2.978123e+02 8.223486e+02
-3.930758e-04 7.374312e+02 2.956420e+02 8.163556e+02
-3.603219e-04 7.244087e+02 2.904211e+02 8.019393e+02
-3.360568e-04 7.336308e+02 2.941183e+02 8.121484e+02
-3.160175e-04 7.164230e+02 2.872196e+02 7.930989e+02
-2.998460e-04 7.166942e+02 2.873283e+02 7.933992e+02
-2.853785e-04 6.988877e+02 2.801896e+02 7.736869e+02
-2.702862e-04 7.005549e+02 2.808580e+02 7.755326e+02
-2.575807e-04 7.028114e+02 2.817626e+02 7.780306e+02
-2.453803e-04 7.020956e+02 2.814757e+02 7.772382e+02
-2.325345e-04 7.184049e+02 2.880142e+02 7.952929e+02
-2.191534e-04 7.159078e+02 2.870131e+02 7.925286e+02
-2.040148e-04 7.083987e+02 2.840026e+02 7.842158e+02
-1.913875e-04 7.062432e+02 2.831385e+02 7.818297e+02
-1.825291e-04 7.106958e+02 2.849235e+02 7.867588e+02
-1.753740e-04 7.297922e+02 2.925794e+02 8.078990e+02
-1.693553e-04 7.366651e+02 2.953348e+02 8.155075e+02
-1.633972e-04 7.505100e+02 3.008853e+02 8.308341e+02
-1.582712e-04 7.533743e+02 3.020337e+02 8.340050e+02
-1.528133e-04 7.489103e+02 3.002440e+02 8.290632e+02
-1.470125e-04 7.477313e+02 2.997713e+02 8.277580e+02
-1.420860e-04 7.508272e+02 3.010125e+02 8.311853e+02
-1.376255e-04 7.527924e+02 3.018004e+02 8.333608e+02
-1.347240e-04 7.472951e+02 2.995965e+02 8.272751e+02
-1.321871e-04 7.598872e+02 3.046448e+02 8.412150e+02
-1.298826e-04 7.688927e+02 3.082551e+02 8.511843e+02
-1.298806e-04 7.821949e+02 3.135881e+02 8.659101e+02
-1.313708e-04 7.725935e+02 3.097388e+02 8.552811e+02
-1.336388e-04 7.777928e+02 3.118232e+02 8.610369e+02
-1.366618e-04 7.647160e+02 3.065807e+02 8.465606e+02
-1.400873e-04 7.837427e+02 3.142086e+02 8.676235e+02
-1.435563e-04 7.787674e+02 3.122140e+02 8.621158e+02
-1.466852e-04 7.663563e+02 3.072383e+02 8.483764e+02
-1.492022e-04 7.762006e+02 3.111849e+02 8.592743e+02
-1.500828e-04 7.636806e+02 3.061656e+02 8.454143e+02
-1.501532e-04 7.736921e+02 3.101792e+02 8.564973e+02
-1.511552e-04 7.585294e+02 3.041004e+02 8.397118e+02
-1.523543e-04 7.456848e+02 2.989509e+02 8.254924e+02
-1.530715e-04 7.474552e+02 2.996606e+02 8.274523e+02
-1.528767e-04 7.419530e+02 2.974548e+02 8.213613e+02
-1.505720e-04 7.331843e+02 2.939393e+02 8.116541e+02
-1.470883e-04 7.281418e+02 2.919178e+02 8.060720e+02
-1.434200e-04 7.315575e+02 2.932872e+02 8.098532e+02
-1.403255e-04 7.205185e+02 2.888615e+02 7.976328e+02
-1.379905e-04 7.283165e+02 2.919878e+02 8.062654e+02
-1.371785e-04 7.304927e+02 2.928603e+02 8.086745e+02
-1.392333e-04 7.146874e+02 2.865238e+02 7.911776e+02
-1.435207e-04 7.181758e+02 2.879223e+02 7.950393e+02
-1.486814e-04 7.212948e+02 2.891728e+02 7.984922e+02
-1.544825e-04 7.159381e+02 2.870252e+02 7.925622e+02
-1.605551e-04 7.194295e+02 2.884249e+02 7.964272e+02
-1.685085e-04 7.195752e+02 2.884833e+02 7.965885e+02
-1.796444e-04 7.323258e+02 2.935951e+02 8.107037e+02
-1.929371e-04 7.342887e+02 2.943821e+02 8.128767e+02
-2.088782e-04 7.257135e+02 2.909442e+02 8.033838e+02
-2.273703e-04 7.418198e+02 2.974014e+02 8.212139e+02
-2.484514e-04 7.470332e+02 2.994915e+02 8.269852e+02
-2.723466e-04 7.616404e+02 3.053476e+02 8.431558e+02
-2.985481e-04 7.530274e+02 3.018946e+02 8.336209e+02
-3.268225e-04 7.604663e+02 3.048769e+02 8.418561e+02
-3.605475e-04 7.451028e+02 2.987176e+02 8.248482e+02
-4.025807e-04 7.542992e+02 3.024045e+02 8.350288e+02
-4.500028e-04 7.505202e+02 3.008894e+02 8.308454e+02
-5.025868e-04 7.361716e+02 2.951370e+02 8.149612e+02
-5.681549e-04 7.257591e+02 2.909625e+02 8.034342e+02
-6.581603e-04 7.391402e+02 2.963271e+02 8.182474e+02
-7.767903e-04 7.401393e+02 2.967277e+02 8.193535e+02
-9.267953e-04 7.342620e+02 2.943714e+02 8.128472e+02
-1.112276e-03 7.209081e+02 2.890177e+02 7.980641e+02
-1.341402e-03 7.236490e+02 2.901165e+02 8.010982e+02
-1.603667e-03 7.203421e+02 2.887908e+02 7.974375e+02
-1.877927e-03 7.269927e+02 2.914571e+02 8.047999e+02
-2.208832e-03 7.273790e+02 2.916119e+02 8.052275e+02
-2.656178e-03 7.212249e+02 2.891447e+02 7.984147e+02
-3.245626e-03 7.195609e+02 2.884776e+02 7.965726e+02
-4.058947e-03 7.250998e+02 2.906982e+02 8.027043e+02
-5.052083e-03 7.289587e+02 2.922453e+02 8.069763e+02
-5.986917e-03 7.331310e+02 2.939180e+02 8.115951e+02
-7.123931e-03 7.269427e+02 2.914370e+02 8.047445e+02
-8.732395e-03 7.206978e+02 2.889334e+02 7.978313e+02
-1.080613e-02 7.220232e+02 2.894648e+02 7.992984e+02
-1.339133e-02 7.192906e+02 2.883692e+02 7.962734e+02
-1.584534e-02 7.169765e+02 2.874415e+02 7.937117e+02
-1.780432e-02 7.078006e+02 2.837628e+02 7.835537e+02
-1.951651e-02 7.293539e+02 2.924037e+02 8.074138e+02
-2.114972e-02 7.280610e+02 2.918854e+02 8.059824e+02
-2.279655e-02 7.298499e+02 2.926026e+02 8.079629e+02
-2.449784e-02 7.340588e+02 2.942899e+02 8.126222e+02
-2.543062e-02 7.327301e+02 2.937572e+02 8.111513e+02
-2.627024e-02 7.318470e+02 2.934032e+02 8.101737e+02
-2.781306e-02 7.279428e+02 2.918380e+02 8.058516e+02
-2.885426e-02 7.361141e+02 2.951139e+02 8.148975e+02
-2.934520e-02 7.357280e+02 2.949591e+02 8.144701e+02
-2.936360e-02 7.485229e+02 3.000887e+02 8.286343e+02
-2.862259e-02 7.573673e+02 3.036345e+02 8.384253e+02
-2.691178e-02 7.500125e+02 3.006859e+02 8.302834e+02
-2.406552e-02 7.542998e+02 3.024047e+02 8.350295e+02
-2.050470e-02 7.522898e+02 3.015989e+02 8.328044e+02
