#E_pot  E_kin  T  P
-3.261071e-04 7.243388e+02 2.903931e+02 8.018619e+02
-3.042510e-04 7.272898e+02 2.915762e+02 8.051288e+02
-2.790876e-04 7.291743e+02 2.923317e+02 8.072149e+02
-2.524812e-04 7.303805e+02 2.928153e+02 8.085502e+02
-2.259019e-04 7.294987e+02 2.924618e+02 8.075741e+02
-2.008527e-04 7.265184e+02 2.912669e+02 8.042748e+02
-1.780052e-04 7.279748e+02 2.918508e+02 8.058870e+02
-1.574251e-04 7.283062e+02 2.919837e+02 8.062539e+02
-1.390095e-04 7.267453e+02 2.913579e+02 8.045260e+02
-1.224679e-04 7.274447e+02 2.916383e+02 8.053003e+02
-1.076631e-04 7.240578e+02 2.902805e+02 8.015508e+02
-9.473042e-05 7.229067e+02 2.898190e+02 8.002766e+02
-8.363017e-05 7.206380e+02 2.889094e+02 7.977650e+02
-7.408905e-05 7.194791e+02 2.884448e+02 7.964821e+02
-6.581463e-05 7.160674e+02 2.870770e+02 7.927052e+02
-5.857959e-05 7.177148e+02 2.877375e+02 7.945289e+02
-5.229616e-05 7.181165e+02 2.878985e+02 7.949736e+02
-4.692616e-05 7.198113e+02 2.885780e+02 7.968499e+02
-4.232435e-05 7.217506e+02 2.893555e+02 7.989968e+02
-3.835589e-05 7.245935e+02 2.904952e+02 8.021439e+02
-3.497551e-05 7.220127e+02 2.894605e+02 7.992868e+02
-3.212634e-05 7.241478e+02 2.903165e+02 8.016504e+02
-2.973389e-05 7.211270e+02 2.891055e+02 7.983064e+02
-2.775980e-05 7.232346e+02 2.899504e+02 8.006395e+02
-2.610913e-05 7.192092e+02 2.883366e+02 7.961833e+02
-2.472856e-05 7.194853e+02 2.884473e+02 7.964890e+02
-2.360410e-05 7.160405e+02 2.870663e+02 7.926755e+02
-2.269345e-05 7.171692e+02 2.875188e+02 7.939250e+02
-2.197432e-05 7.179545e+02 2.878336e+02 7.947944e+02
-2.142764e-05 7.127668e+02 2.857538e+02 7.890514e+02
-2.103641e-05 7.105251e+02 2.848551e+02 7.865698e+02
-2.078496e-05 7.077327e+02 2.837356e+02 7.834786e+02
-2.064270e-05 7.069270e+02 2.834126e+02 7.825866e+02
-2.059292e-05 7.086305e+02 2.840955e+02 7.844724e+02
-2.062305e-05 7.060544e+02 2.830627e+02 7.816206e+02
-2.073738e-05 7.008740e+02 2.809859e+02 7.758858e+02
-2.094277e-05 7.031339e+02 2.818919e+02 7.783875e+02
-2.125704e-05 7.053867e+02 2.827951e+02 7.808814e+02
-2.166461e-05 7.084235e+02 2.840125e+02 7.842433e+02
-2.212012e-05 7.094531e+02 2.844253e+02 7.853830e+02
-2.267031e-05 7.113948e+02 2.852037e+02 7.875325e+02
-2.332539e-05 7.135599e+02 2.860718e+02 7.899294e+02
-2.404521e-05 7.168884e+02 2.874062e+02 7.936141e+02
-2.486158e-05 7.125997e+02 2.856868e+02 7.888664e+02
-2.579672e-05 7.128365e+02 2.857818e+02 7.891286e+02
-2.677681e-05 7.175866e+02 2.876861e+02 7.943871e+02
-2.775870e-05 7.138366e+02 2.861827e+02 7.902357e+02
-2.882266e-05 7.130854e+02 2.858815e+02 7.894041e+02
-2.999285e-05 7.111567e+02 2.851083e+02 7.872690e+02
-3.125324e-05 7.118254e+02 2.853764e+02 7.880093e+02
-3.264318e-05 7.092005e+02 2.843240e+02 7.851034e+02
-3.412104e-05 7.064919e+02 2.832382e+02 7.821050e+02
-3.564162e-05 7.039973e+02 2.822380e+02 7.793433e+02
-3.723842e-05 7.037376e+02 2.821339e+02 7.790558e+02
-3.878867e-05 7.048151e+02 2.825659e+02 7.802487e+02
-4.029011e-05 7.039238e+02 2.822086e+02 7.792619e+02
-4.191736e-05 7.079403e+02 2.838188e+02 7.837084e+02
-4.370200e-05 7.081182e+02 2.838902e+02 7.839053e+02
-4.567846e-05 7.058325e+02 2.829738e+02 7.813750e+02
-4.782402e-05 7.061454e+02 2.830992e+02 7.817214e+02
-5.010476e-05 7.054394e+02 2.828162e+02 7.809398e+02
-5.246564e-05 7.051699e+02 2.827081e+02 7.806414e+02
-5.492347e-05 7.084443e+02 2.840209e+02 7.842663e+02
-5.750516e-05 7.084258e+02 2.840135e+02 7.842458e+02
-6.020279e-05 7.094828e+02 2.844372e+02 7.854160e+02
-6.307697e-05 7.098601e+02 2.845885e+02 7.858336e+02
-6.631803e-05 7.108056e+02 2.849675e+02 7.868803e+02
-6.993632e-05 7.124254e+02 2.856170e+02 7.886735e+02
-7.395499e-05 7.122026e+02 2.855276e+02 7.884268e+02
-7.864345e-05 7.107485e+02 2.849447e+02 7.868171e+02
-8.421210e-05 7.090238e+02 2.842532e+02 7.849078e+02
-9.102906e-05 7.137497e+02 2.861479e+02 7.901395e+02
-9.953069e-05 7.141816e+02 2.863210e+02 7.906176e+02
-1.102431e-04 7.169169e+02 2.874176e+02 7.936457e+02
-1.237792e-04 7.184480e+02 2.880314e+02 7.953406e+02
-1.411891e-04 7.212347e+02 2.891486e+02 7.984256e+02
-1.635915e-04 7.209693e+02 2.890422e+02 7.981317e+02
-1.927540e-04 7.207932e+02 2.889717e+02 7.979369e+02
-2.307398e-04 7.221012e+02 2.894960e+02 7.993848e+02
-2.804688e-04 7.291301e+02 2.923140e+02 8.071660e+02
-3.459648e-04 7.338432e+02 2.942035e+02 8.123836e+02
-4.330359e-04 7.341756e+02 2.943368e+02 8.127515e+02
-5.507862e-04 7.374101e+02 2.956335e+02 8.163321e+02
-7.081872e-04 7.387628e+02 2.961758e+02 8.178296e+02
-9.198559e-04 7.381492e+02 2.959298e+02 8.171504e+02
-1.208853e-03 7.332190e+02 2.939532e+02 8.116925e+02
-1.610682e-03 7.337787e+02 2.941776e+02 8.123121e+02
-2.185716e-03 7.349378e+02 2.946423e+02 8.135953e+02
-3.017786e-03 7.361843e+02 2.951421e+02 8.149752e+02
-4.230473e-03 7.362520e+02 2.951692e+02 8.150501e+02
-5.975156e-03 7.419794e+02 2.974654e+02 8.213905e+02
-8.479118e-03 7.394601e+02 2.964554e+02 8.186016e+02
-1.226175e-02 7.432981e+02 2.979940e+02 8.228503e+02
-1.798946e-02 7.432632e+02 2.979801e+02 8.228117e+02
-2.674795e-02 7.447647e+02 2.985820e+02 8.244740e+02
-3.997706e-02 7.481792e+02 2.999509e+02 8.282539e+02
-5.915585e-02 7.485466e+02 3.000982e+02 8.286605e+02
-8.811237e-02 7.440889e+02 2.983111e+02 8.237258e+02
-1.313192e-01 7.432985e+02 2.979942e+02 8.228508e+02
-1.938497e-01 7.462903e+02 2.991936e+02 8.261628e+02
-2.777187e-01 7.518170e+02 3.014093e+02 8.322810e+02
-3.842758e-01 7.532319e+02 3.019766e+02 8.338473e+02
-5.114328e-01 7.498487e+02 3.006202e+02 8.301021e+02
-6.437179e-01 7.524138e+02 3.016486e+02 8.329417e+02
-7.494378e-01 7.549926e+02 3.026824e+02 8.357964e+02
-7.966735e-01 7.550795e+02 3.027173e+02 8.358927e+02
-7.869788e-01 7.574333e+02 3.036609e+02 8.384983e+02
-7.367108e-01 7.544021e+02 3.024457e+02 8.351428e+02
-6.508726e-01 7.556138e+02 3.029315e+02 8.364841e+02
-5.359942e-01 7.583839e+02 3.040421e+02 8.395508e+02
-4.190624e-01 7.591195e+02 3.043370e+02 8.403650e+02
-3.186214e-01 7.608390e+02 3.050263e+02 8.422686e+02
-2.367443e-01 7.617413e+02 3.053881e+02 8.432675e+02
-1.725837e-01 7.576944e+02 3.037656e+02 8.387874e+02
-1.228929e-01 7.580941e+02 3.039259e+02 8.392299e+02
-8.616394e-02 7.617482e+02 3.053908e+02 8.432751e+02
-6.079663e-02 7.616280e+02 3.053426e+02 8.431420e+02
-4.330751e-02 7.558174e+02 3.030131e+02 8.367095e+02
-3.160573e-02 7.567103e+02 3.033711e+02 8.376980e+02
-2.352388e-02 7.548711e+02 3.026337e+02 8.356620e+02
-1.759017e-02 7.569597e+02 3.034711e+02 8.379741e+02
-1.333615e-02 7.540790e+02 3.023162e+02 8.347851e+02
-1.024283e-02 7.545380e+02 3.025002e+02 8.352932e+02
-7.964414e-03 7.554930e+02 3.028831e+02 8.363504e+02
-6.272600e-03 7.600412e+02 3.047065e+02 8.413854e+02
-5.010278e-03 7.616664e+02 3.053580e+02 8.431845e+02
-4.063613e-03 7.637415e+02 3.061899e+02 8.454817e+02
-3.338360e-03 7.637504e+02 3.061935e+02 8.454916e+02
-2.759896e-03 7.618239e+02 3.054212e+02 8.433589e+02
-2.292569e-03 7.643585e+02 3.064373e+02 8.461648e+02
-1.910792e-03 7.647897e+02 3.066102e+02 8.466421e+02
-1.582931e-03 7.624697e+02 3.056801e+02 8.440738e+02
-1.316908e-03 7.625493e+02 3.057120e+02 8.441620e+02
-1.105387e-03 7.646502e+02 3.065543e+02 8.464877e+02
-9.328142e-04 7.606062e+02 3.049330e+02 8.420109e+02
-7.923629e-04 7.632643e+02 3.059987e+02 8.449535e+02
-6.749751e-04 7.663460e+02 3.072341e+02 8.483649e+02
-5.774244e-04 7.635065e+02 3.060958e+02 8.452216e+02
-4.985400e-04 7.606039e+02 3.049321e+02 8.420084e+02
-4.350221e-04 7.660889e+02 3.071311e+02 8.480804e+02
-3.804907e-04 7.678682e+02 3.078444e+02 8.500501e+02
-3.326432e-04 7.629582e+02 3.058759e+02 8.446146e+02
-2.905673e-04 7.654338e+02 3.068684e+02 8.473552e+02
-2.536408e-04 7.622479e+02 3.055912e+02 8.438283e+02
-2.218350e-04 7.603779e+02 3.048415e+02 8.417581e+02
-1.951558e-04 7.578640e+02 3.038336e+02 8.389752e+02
-1.733691e-04 7.576153e+02 3.037339e+02 8.386999e+02
-1.551186e-04 7.570057e+02 3.034895e+02 8.380250e+02
-1.394299e-04 7.594255e+02 3.044596e+02 8.407038e+02
-1.258905e-04 7.602734e+02 3.047996e+02 8.416425e+02
-1.143943e-04 7.641570e+02 3.063566e+02 8.459417e+02
-1.045376e-04 7.596614e+02 3.045542e+02 8.409650e+02
-9.568317e-05 7.563302e+02 3.032187e+02 8.372772e+02
-8.762981e-05 7.605178e+02 3.048976e+02 8.419130e+02
-8.015887e-05 7.643080e+02 3.064171e+02 8.461089e+02
-7.329985e-05 7.585428e+02 3.041057e+02 8.397266e+02
-6.719460e-05 7.617783e+02 3.054029e+02 8.433084e+02
-6.169738e-05 7.594439e+02 3.044670e+02 8.407242e+02
-5.672151e-05 7.643309e+02 3.064263e+02 8.461342e+02
-5.219668e-05 7.652315e+02 3.067873e+02 8.471312e+02
-4.818306e-05 7.610035e+02 3.050923e+02 8.424507e+02
-4.461305e-05 7.577611e+02 3.037924e+02 8.388613e+02
-4.140376e-05 7.589101e+02 3.042530e+02 8.401333e+02
-3.853327e-05 7.550895e+02 3.027213e+02 8.359037e+02
-3.590128e-05 7.527189e+02 3.017709e+02 8.332794e+02
-3.351334e-05 7.518725e+02 3.014316e+02 8.323425e+02
-3.139086e-05 7.546919e+02 3.025619e+02 8.354635e+02
-2.953453e-05 7.502675e+02 3.007881e+02 8.305656e+02
-2.790169e-05 7.498223e+02 3.006096e+02 8.300728e+02
-2.644872e-05 7.481074e+02 2.999221e+02 8.281744e+02
-2.518706e-05 7.493013e+02 3.004008e+02 8.294961e+02
-2.407673e-05 7.480578e+02 2.999022e+02 8.281194e+02
-2.309313e-05 7.477636e+02 2.997843e+02 8.277938e+02
-2.223848e-05 7.486751e+02 3.001497e+02 8.288029e+02
-2.148274e-05 7.461726e+02 2.991465e+02 8.260325e+02
-2.081358e-05 7.419079e+02 2.974367e+02 8.213113e+02
-2.024882e-05 7.436750e+02 2.981452e+02 8.232676e+02
-1.978794e-05 7.400898e+02 2.967078e+02 8.192987e+02
-1.940413e-05 7.437375e+02 2.981702e+02 8.233368e+02
-1.908834e-05 7.435244e+02 2.980848e+02 8.231009e+02
-1.884375e-05 7.449970e+02 2.986751e+02 8.247311e+02
-1.865480e-05 7.438150e+02 2.982013e+02 8.234225e+02
-1.852621e-05 7.408627e+02 2.970177e+02 8.201543e+02
-1.845316e-05 7.419553e+02 2.974557e+02 8.213638e+02
-1.843068e-05 7.430153e+02 2.978807e+02 8.225373e+02
-1.846009e-05 7.476527e+02 2.997398e+02 8.276710e+02
-1.852878e-05 7.463026e+02 2.991986e+02 8.261764e+02
-1.863818e-05 7.423357e+02 2.976082e+02 8.217849e+02
-1.877907e-05 7.383936e+02 2.960278e+02 8.174209e+02
-1.895329e-05 7.377501e+02 2.957698e+02 8.167086e+02
-1.916991e-05 7.393261e+02 2.964016e+02 8.184532e+02
-1.941929e-05 7.415142e+02 2.972789e+02 8.208755e+02
-1.969907e-05 7.409018e+02 2.970333e+02 8.201975e+02
-2.000033e-05 7.446040e+02 2.985176e+02 8.242960e+02
-2.030851e-05 7.413359e+02 2.972074e+02 8.206782e+02
-2.062682e-05 7.424514e+02 2.976546e+02 8.219130e+02
-2.096336e-05 7.408050e+02 2.969945e+02 8.200905e+02
-2.132696e-05 7.382991e+02 2.959899e+02 8.173163e+02
-2.170455e-05 7.453389e+02 2.988122e+02 8.251095e+02
-2.210110e-05 7.460510e+02 2.990977e+02 8.258979e+02
-2.253963e-05 7.489213e+02 3.002484e+02 8.290754e+02
-2.301225e-05 7.470756e+02 2.995085e+02 8.270321e+02
-2.351930e-05 7.458845e+02 2.990310e+02 8.257136e+02
-2.404726e-05 7.465883e+02 2.993131e+02 8.264927e+02
-2.458051e-05 7.456498e+02 2.989368e+02 8.254537e+02
-2.512346e-05 7.501663e+02 3.007475e+02 8.304536e+02
-2.568144e-05 7.400144e+02 2.966776e+02 8.192152e+02
-2.625380e-05 7.377869e+02 2.957846e+02 8.167493e+02
-2.682148e-05 7.359620e+02 2.950529e+02 8.147291e+02
-2.739285e-05 7.354415e+02 2.948443e+02 8.141529e+02
-2.797566e-05 7.362047e+02 2.951502e+02 8.149978e+02
-2.857664e-05 7.400812e+02 2.967044e+02 8.192892e+02
-2.922676e-05 7.393375e+02 2.964062e+02 8.184659e+02
-2.995833e-05 7.367321e+02 2.953617e+02 8.155817e+02
-3.073718e-05 7.385973e+02 2.961094e+02 8.176464e+02
-3.148323e-05 7.404243e+02 2.968419e+02 8.196690e+02
-3.220053e-05 7.444157e+02 2.984421e+02 8.240876e+02
-3.297956e-05 7.440204e+02 2.982836e+02 8.236500e+02
-3.384222e-05 7.445680e+02 2.985031e+02 8.242561e+02
-3.472575e-05 7.388579e+02 2.962139e+02 8.179349e+02
-3.565167e-05 7.393279e+02 2.964024e+02 8.184553e+02
-3.664006e-05 7.380767e+02 2.959008e+02 8.170702e+02
-3.764678e-05 7.404702e+02 2.968603e+02 8.197198e+02
-3.867353e-05 7.413858e+02 2.972274e+02 8.207333e+02
-3.971804e-05 7.426367e+02 2.977289e+02 8.221182e+02
-4.072018e-05 7.432753e+02 2.979849e+02 8.228251e+02
-4.165086e-05 7.415512e+02 2.972937e+02 8.209164e+02
-4.252141e-05 7.446660e+02 2.985424e+02 8.243646e+02
-4.329906e-05 7.464038e+02 2.992391e+02 8.262885e+02
-4.401461e-05 7.443011e+02 2.983961e+02 8.239607e+02
-4.473685e-05 7.453795e+02 2.988285e+02 8.251545e+02
-4.550706e-05 7.466691e+02 2.993455e+02 8.265822e+02
-4.635694e-05 7.420151e+02 2.974797e+02 8.214301e+02
-4.716902e-05 7.410951e+02 2.971108e+02 8.204115e+02
-4.782008e-05 7.419368e+02 2.974483e+02 8.213434e+02
-4.837553e-05 7.421589e+02 2.975373e+02 8.215892e+02
-4.890048e-05 7.415691e+02 2.973009e+02 8.209363e+02
-4.929629e-05 7.420435e+02 2.974911e+02 8.214614e+02
-4.954745e-05 7.393410e+02 2.964076e+02 8.184697e+02
-4.973025e-05 7.378514e+02 2.958104e+02 8.168208e+02
-4.994080e-05 7.352802e+02 2.947796e+02 8.139743e+02
-5.017412e-05 7.409599e+02 2.970567e+02 8.202620e+02
-5.041183e-05 7.443938e+02 2.984333e+02 8.240633e+02
-5.074262e-05 7.408312e+02 2.970050e+02 8.201194e+02
-5.112651e-05 7.389162e+02 2.962373e+02 8.179994e+02
-5.146380e-05 7.365831e+02 2.953019e+02 8.154167e+02
-5.172198e-05 7.321513e+02 2.935252e+02 8.105106e+02
-5.193557e-05 7.388267e+02 2.962014e+02 8.179004e+02
-5.208645e-05 7.404565e+02 2.968548e+02 8.197047e+02
-5.223651e-05 7.390979e+02 2.963102e+02 8.182006e+02
-5.241311e-05 7.431454e+02 2.979328e+02 8.226814e+02
-5.256061e-05 7.453572e+02 2.988195e+02 8.251298e+02
-5.266809e-05 7.465226e+02 2.992868e+02 8.264200e+02
-5.269589e-05 7.447342e+02 2.985698e+02 8.244402e+02
-5.262941e-05 7.435649e+02 2.981010e+02 8.231458e+02
-5.252022e-05 7.451429e+02 2.987336e+02 8.248926e+02
-5.244306e-05 7.481487e+02 2.999387e+02 8.282201e+02
-5.232409e-05 7.476388e+02 2.997343e+02 8.276556e+02
-5.213465e-05 7.483978e+02 3.000386e+02 8.284959e+02
-5.181593e-05 7.483798e+02 3.000313e+02 8.284759e+02
-5.133553e-05 7.469299e+02 2.994501e+02 8.268709e+02
-5.074346e-05 7.446290e+02 2.985276e+02 8.243237e+02
-5.010415e-05 7.479493e+02 2.998587e+02 8.279993e+02
-4.959391e-05 7.517843e+02 3.013962e+02 8.322448e+02
-4.925722e-05 7.501894e+02 3.007568e+02 8.304792e+02
-4.900094e-05 7.517552e+02 3.013845e+02 8.322126e+02
-4.875576e-05 7.520329e+02 3.014959e+02 8.325200e+02
-4.851097e-05 7.507129e+02 3.009667e+02 8.310587e+02
-4.827466e-05 7.518171e+02 3.014094e+02 8.322811e+02
-4.806785e-05 7.539060e+02 3.022468e+02 8.345935e+02
-4.791166e-05 7.505410e+02 3.008978e+02 8.308684e+02
-4.774896e-05 7.492749e+02 3.003902e+02 8.294668e+02
-4.760015e-05 7.484467e+02 3.000582e+02 8.285500e+02
-4.756155e-05 7.474987e+02 2.996781e+02 8.275006e+02
-4.767545e-05 7.522851e+02 3.015970e+02 8.327992e+02
-4.787360e-05 7.514397e+02 3.012581e+02 8.318633e+02
-4.806255e-05 7.521285e+02 3.015342e+02 8.326259e+02
-4.822907e-05 7.502732e+02 3.007904e+02 8.305720e+02
-4.843597e-05 7.506668e+02 3.009482e+02 8.310077e+02
-4.874573e-05 7.468988e+02 2.994376e+02 8.268365e+02
-4.914175e-05 7.464199e+02 2.992456e+02 8.263062e+02
-4.953469e-05 7.444639e+02 2.984614e+02 8.241410e+02
-4.984033e-05 7.417197e+02 2.973613e+02 8.211031e+02
-5.008660e-05 7.402037e+02 2.967535e+02 8.194248e+02
-5.035903e-05 7.456626e+02 2.989420e+02 8.254680e+02
-5.071428e-05 7.463677e+02 2.992247e+02 8.262485e+02
-5.113796e-05 7.432017e+02 2.979554e+02 8.227436e+02
-5.160668e-05 7.444720e+02 2.984647e+02 8.241499e+02
-5.214863e-05 7.421292e+02 2.975254e+02 8.215564e+02
-5.274054e-05 7.398762e+02 2.966222e+02 8.190622e+02
-5.329132e-05 7.380519e+02 2.958908e+02 8.170427e+02
-5.374643e-05 7.403152e+02 2.967982e+02 8.195482e+02
-5.409138e-05 7.385921e+02 2.961074e+02 8.176407e+02
-5.441049e-05 7.372671e+02 2.955762e+02 8.161739e+02
-5.475441e-05 7.384910e+02 2.960668e+02 8.175288e+02
-5.509083e-05 7.400017e+02 2.966725e+02 8.192012e+02
-5.538407e-05 7.391027e+02 2.963121e+02 8.182059e+02
-5.551145e-05 7.423447e+02 2.976118e+02 8.217949e+02
-5.549519e-05 7.440131e+02 2.982807e+02 8.236418e+02
-5.541330e-05 7.483150e+02 3.000054e+02 8.284042e+02
-5.527527e-05 7.485476e+02 3.000986e+02 8.286617e+02
-5.514255e-05 7.505441e+02 3.008990e+02 8.308719e+02
-5.497763e-05 7.503615e+02 3.008258e+02 8.306697e+02
-5.471624e-05 7.513104e+02 3.012063e+02 8.317202e+02
-5.430520e-05 7.516401e+02 3.013384e+02 8.320852e+02
-5.374772e-05 7.508572e+02 3.010245e+02 8.312184e+02
-5.308860e-05 7.482615e+02 2.999839e+02 8.283450e+02
-5.237339e-05 7.493405e+02 3.004165e+02 8.295394e+02
-5.162415e-05 7.505856e+02 3.009156e+02 8.309178e+02
-5.082154e-05 7.544449e+02 3.024629e+02 8.351902e+02
-4.996346e-05 7.554961e+02 3.028843e+02 8.363539e+02
-4.910156e-05 7.536813e+02 3.021567e+02 8.343448e+02
-4.829150e-05 7.540844e+02 3.023184e+02 8.347911e+02
-4.752420e-05 7.552154e+02 3.027718e+02 8.360432e+02
-4.682249e-05 7.564082e+02 3.032500e+02 8.373636e+02
-4.615328e-05 7.553114e+02 3.028103e+02 8.361494e+02
-4.548979e-05 7.576265e+02 3.037384e+02 8.387122e+02
-4.485122e-05 7.561697e+02 3.031544e+02 8.370996e+02
-4.423723e-05 7.584929e+02 3.040858e+02 8.396714e+02
-4.371393e-05 7.594040e+02 3.044510e+02 8.406800e+02
-4.331876e-05 7.569149e+02 3.034531e+02 8.379246e+02
-4.303409e-05 7.557104e+02 3.029702e+02 8.365911e+02
-4.285117e-05 7.580521e+02 3.039091e+02 8.391835e+02
-4.283990e-05 7.584180e+02 3.040557e+02 8.395885e+02
-4.300913e-05 7.597577e+02 3.045928e+02 8.410715e+02
-4.330817e-05 7.623188e+02 3.056196e+02 8.439067e+02
-4.378948e-05 7.653567e+02 3.068375e+02 8.472698e+02
-4.451632e-05 7.642362e+02 3.063883e+02 8.460294e+02
-4.556089e-05 7.643936e+02 3.064514e+02 8.462037e+02
-4.694819e-05 7.625082e+02 3.056955e+02 8.441164e+02
-4.862166e-05 7.668274e+02 3.074271e+02 8.488979e+02
-5.058935e-05 7.676533e+02 3.077582e+02 8.498122e+02
-5.292988e-05 7.679854e+02 3.078914e+02 8.501798e+02
-5.575420e-05 7.719876e+02 3.094959e+02 8.546104e+02
-5.916796e-05 7.709288e+02 3.090714e+02 8.534383e+02
-6.323755e-05 7.743618e+02 3.104477e+02 8.572387e+02
-6.804301e-05 7.744996e+02 3.105030e+02 8.573912e+02
-7.354135e-05 7.737825e+02 3.102155e+02 8.565973e+02
-7.979304e-05 7.700194e+02 3.087068e+02 8.524315e+02
-8.711487e-05 7.708598e+02 3.090437e+02 8.533619e+02
-9.548971e-05 7.685650e+02 3.081237e+02 8.508214e+02
-1.049976e-04 7.655445e+02 3.069128e+02 8.474776e+02
-1.159901e-04 7.663656e+02 3.072420e+02 8.483866e+02
-1.284089e-04 7.684462e+02 3.080761e+02 8.506899e+02
-1.414580e-04 7.675677e+02 3.077239e+02 8.497174e+02
-1.546879e-04 7.684582e+02 3.080809e+02 8.507033e+02
-1.686457e-04 7.652863e+02 3.068093e+02 8.471919e+02
-1.831893e-04 7.644580e+02 3.064772e+02 8.462749e+02
-1.981839e-04 7.653740e+02 3.068444e+02 8.472889e+02
-2.136925e-04 7.655121e+02 3.068998e+02 8.474419e+02
-2.298896e-04 7.650514e+02 3.067151e+02 8.469318e+02
-2.471814e-04 7.623769e+02 3.056429e+02 8.439711e+02
-2.651558e-04 7.598562e+02 3.046323e+02 8.411806e+02
-2.843752e-04 7.556334e+02 3.029394e+02 8.365059e+02
-3.040318e-04 7.530332e+02 3.018969e+02 8.336273e+02
-3.214910e-04 7.552925e+02 3.028027e+02 8.361285e+02
-3.368310e-04 7.602665e+02 3.047968e+02 8.416349e+02
-3.502363e-04 7.593264e+02 3.044199e+02 8.405941e+02
-3.620145e-04 7.639949e+02 3.062916e+02 8.457622e+02
-3.698054e-04 7.642796e+02 3.064057e+02 8.460774e+02
-3.719673e-04 7.682863e+02 3.080120e+02 8.505129e+02
-3.695621e-04 7.685388e+02 3.081132e+02 8.507924e+02
-3.617338e-04 7.741532e+02 3.103641e+02 8.570078e+02
-3.505410e-04 7.773737e+02 3.116552e+02 8.605729e+02
-3.376343e-04 7.736494e+02 3.101621e+02 8.564501e+02
-3.216881e-04 7.739670e+02 3.102895e+02 8.568017e+02
-3.030058e-04 7.751808e+02 3.107761e+02 8.581454e+02
-2.837673e-04 7.760555e+02 3.111268e+02 8.591137e+02
-2.634683e-04 7.792384e+02 3.124028e+02 8.626372e+02
-2.425814e-04 7.822699e+02 3.136182e+02 8.659932e+02
-2.216121e-04 7.798386e+02 3.126434e+02 8.633016e+02
-2.017058e-04 7.804106e+02 3.128728e+02 8.639349e+02
-1.833802e-04 7.760586e+02 3.111280e+02 8.591171e+02
-1.660847e-04 7.753950e+02 3.108620e+02 8.583825e+02
-1.499322e-04 7.735929e+02 3.101395e+02 8.563875e+02
-1.351832e-04 7.769242e+02 3.114750e+02 8.600754e+02
-1.224721e-04 7.750762e+02 3.107341e+02 8.580296e+02
-1.114670e-04 7.747313e+02 3.105959e+02 8.576478e+02
-1.017487e-04 7.776122e+02 3.117508e+02 8.608369e+02
-9.277037e-05 7.868160e+02 3.154407e+02 8.710258e+02
-8.453433e-05 7.838118e+02 3.142363e+02 8.677001e+02
-7.724837e-05 7.872344e+02 3.156085e+02 8.714890e+02
-7.058938e-05 7.874710e+02 3.157033e+02 8.717509e+02
-6.435901e-05 7.882529e+02 3.160168e+02 8.726164e+02
-5.863471e-05 7.857861e+02 3.150278e+02 8.698857e+02
-5.339526e-05 7.839922e+02 3.143086e+02 8.678998e+02
-4.865311e-05 7.897808e+02 3.166293e+02 8.743079e+02
-4.454526e-05 7.861950e+02 3.151917e+02 8.703383e+02
-4.092220e-05 7.890344e+02 3.163301e+02 8.734816e+02
-3.775903e-05 7.866898e+02 3.153901e+02 8.708861e+02
-3.515048e-05 7.880225e+02 3.159244e+02 8.723615e+02
-3.300018e-05 7.872641e+02 3.156204e+02 8.715218e+02
-3.123559e-05 7.901178e+02 3.167644e+02 8.746810e+02
-2.981376e-05 7.935116e+02 3.181250e+02 8.784380e+02
-2.870721e-05 7.942766e+02 3.184317e+02 8.792848e+02
-2.795029e-05 7.959015e+02 3.190832e+02 8.810837e+02
-2.753258e-05 8.002047e+02 3.208083e+02 8.858474e+02
-2.743598e-05 8.016322e+02 3.213807e+02 8.874278e+02
-2.765747e-05 8.055736e+02 3.229608e+02 8.917910e+02
-2.821441e-05 8.045274e+02 3.225414e+02 8.906328e+02
-2.913937e-05 8.054734e+02 3.229206e+02 8.916801e+02
-3.048003e-05 8.018651e+02 3.214740e+02 8.876855e+02
-3.230991e-05 8.020570e+02 3.215510e+02 8.878980e+02
-3.471995e-05 7.978922e+02 3.198812e+02 8.832874e+02
-3.784436e-05 7.991444e+02 3.203833e+02 8.846737e+02
-4.184511e-05 8.012492e+02 3.212271e+02 8.870037e+02
-4.703433e-05 7.986697e+02 3.201930e+02 8.841482e+02
-5.374698e-05 7.942493e+02 3.184208e+02 8.792547e+02
-6.233436e-05 7.916724e+02 3.173877e+02 8.764020e+02
-7.346133e-05 7.929261e+02 3.178903e+02 8.777899e+02
-8.805244e-05 7.946843e+02 3.185952e+02 8.797362e+02
-1.071624e-04 7.954840e+02 3.189158e+02 8.806215e+02
-1.321994e-04 7.938603e+02 3.182648e+02 8.788240e+02
-1.659765e-04 7.923653e+02 3.176655e+02 8.771690e+02
-2.123878e-04 7.942460e+02 3.184195e+02 8.792510e+02
-2.744256e-04 7.979324e+02 3.198974e+02 8.833319e+02
-3.570378e-04 7.962857e+02 3.192372e+02 8.815090e+02
-4.684891e-04 7.964918e+02 3.193198e+02 8.817372e+02
-6.229609e-04 7.999731e+02 3.207155e+02 8.855911e+02
-8.414059e-04 7.994604e+02 3.205100e+02 8.850235e+02
-1.159389e-03 7.980406e+02 3.199407e+02 8.834517e+02
-1.623927e-03 8.003120e+02 3.208514e+02 8.859662e+02
-2.289286e-03 8.012229e+02 3.212165e+02 8.869746e+02
-3.218724e-03 7.933646e+02 3.180661e+02 8.782752e+02
-4.466074e-03 7.951728e+02 3.187910e+02 8.802769e+02
-6.150587e-03 7.933246e+02 3.180501e+02 8.782310e+02
-8.388605e-03 7.884395e+02 3.160916e+02 8.728231e+02
-1.111084e-02 7.891902e+02 3.163925e+02 8.736541e+02
-1.399644e-02 7.880749e+02 3.159454e+02 8.724194e+02
-1.669149e-02 7.842090e+02 3.143955e+02 8.681397e+02
-1.886768e-02 7.775481e+02 3.117251e+02 8.607660e+02
-1.992145e-02 7.781758e+02 3.119768e+02 8.614608e+02
-1.962169e-02 7.789788e+02 3.122987e+02 8.623498e+02
-1.802376e-02 7.787682e+02 3.122143e+02 8.621167e+02
-1.537892e-02 7.770956e+02 3.115437e+02 8.602651e+02
-1.233790e-02 7.735949e+02 3.101403e+02 8.563897e+02
-9.475718e-03 7.719581e+02 3.094840e+02 8.545777e+02
-7.053830e-03 7.707180e+02 3.089869e+02 8.532049e+02
-5.145676e-03 7.694948e+02 3.084965e+02 8.518508e+02
-3.711878e-03 7.731713e+02 3.099704e+02 8.559207e+02
-2.662527e-03 7.744822e+02 3.104960e+02 8.573720e+02
-1.908114e-03 7.755609e+02 3.109284e+02 8.585661e+02
-1.368070e-03 7.791104e+02 3.123515e+02 8.624955e+02
-9.949805e-04 7.779246e+02 3.118761e+02 8.611828e+02
-7.366176e-04 7.808475e+02 3.130479e+02 8.644185e+02
-5.535475e-04 7.846828e+02 3.145855e+02 8.686643e+02
-4.250179e-04 7.892418e+02 3.164132e+02 8.737113e+02
-3.345133e-04 7.880194e+02 3.159232e+02 8.723580e+02
-2.701548e-04 7.864015e+02 3.152745e+02 8.705669e+02
-2.242065e-04 7.828461e+02 3.138492e+02 8.666311e+02
-1.916816e-04 7.803641e+02 3.128541e+02 8.638834e+02
-1.684789e-04 7.819086e+02 3.134733e+02 8.655932e+02
-1.519366e-04 7.800971e+02 3.127470e+02 8.635878e+02
-1.397874e-04 7.780535e+02 3.119278e+02 8.613255e+02
-1.307488e-04 7.744966e+02 3.105018e+02 8.573879e+02
-1.242325e-04 7.765474e+02 3.113239e+02 8.596582e+02
-1.197982e-04 7.809985e+02 3.131084e+02 8.645857e+02
-1.171186e-04 7.808439e+02 3.130465e+02 8.644146e+02
-1.156400e-04 7.828865e+02 3.138654e+02 8.666758e+02
-1.149599e-04 7.860435e+02 3.151310e+02 8.701706e+02
-1.145470e-04 7.830735e+02 3.139403e+02 8.668827e+02
-1.143408e-04 7.840590e+02 3.143354e+02 8.679737e+02
-1.145792e-04 7.873920e+02 3.156716e+02 8.716634e+02
-1.151620e-04 7.870616e+02 3.155392e+02 8.712977e+02
-1.160831e-04 7.906054e+02 3.169599e+02 8.752207e+02
-1.173282e-04 7.917915e+02 3.174354e+02 8.765338e+02
-1.185696e-04 7.902436e+02 3.168149e+02 8.748203e+02
-1.196364e-04 7.884624e+02 3.161008e+02 8.728484e+02
-1.204315e-04 7.860052e+02 3.151157e+02 8.701283e+02
-1.207480e-04 7.829315e+02 3.138834e+02 8.667256e+02
-1.209442e-04 7.875870e+02 3.157498e+02 8.718793e+02
-1.210847e-04 7.887860e+02 3.162305e+02 8.732067e+02
-1.210872e-04 7.883194e+02 3.160434e+02 8.726901e+02
-1.211385e-04 7.909326e+02 3.170911e+02 8.755830e+02
-1.208949e-04 7.930763e+02 3.179505e+02 8.779561e+02
-1.204808e-04 7.944304e+02 3.184934e+02 8.794551e+02
-1.200495e-04 7.901980e+02 3.167966e+02 8.747698e+02
-1.192865e-04 7.859925e+02 3.151106e+02 8.701142e+02
-1.183265e-04 7.902546e+02 3.168193e+02 8.748324e+02
-1.173786e-04 7.866866e+02 3.153889e+02 8.708826e+02
-1.165540e-04 7.915291e+02 3.173302e+02 8.762433e+02
-1.158227e-04 7.883670e+02 3.160625e+02 8.727428e+02
-1.149397e-04 7.909225e+02 3.170870e+02 8.755718e+02
-1.138139e-04 7.947106e+02 3.186057e+02 8.797654e+02
-1.120923e-04 7.942200e+02 3.184090e+02 8.792222e+02
-1.099455e-04 7.934426e+02 3.180974e+02 8.783617e+02
-1.079800e-04 7.935874e+02 3.181554e+02 8.785219e+02
-1.058966e-04 7.888219e+02 3.162449e+02 8.732464e+02
-1.034690e-04 7.866732e+02 3.153834e+02 8.708677e+02
-1.006509e-04 7.852067e+02 3.147955e+02 8.692443e+02
-9.741183e-05 7.908364e+02 3.170525e+02 8.754765e+02
-9.388408e-05 7.918314e+02 3.174514e+02 8.765779e+02
-9.019998e-05 7.923485e+02 3.176587e+02 8.771504e+02
-8.640167e-05 7.916110e+02 3.173631e+02 8.763340e+02
-8.257134e-05 7.904660e+02 3.169040e+02 8.750664e+02
-7.873005e-05 7.866705e+02 3.153824e+02 8.708648e+02
-7.493720e-05 7.876177e+02 3.157621e+02 8.719133e+02
-7.138905e-05 7.841052e+02 3.143539e+02 8.680249e+02
-6.802611e-05 7.874497e+02 3.156948e+02 8.717273e+02
-6.486646e-05 7.829110e+02 3.138752e+02 8.667028e+02
-6.185866e-05 7.834818e+02 3.141040e+02 8.673347e+02
-5.901861e-05 7.859648e+02 3.150995e+02 8.700836e+02
-5.628562e-05 7.848297e+02 3.146444e+02 8.688269e+02
-5.362926e-05 7.863591e+02 3.152575e+02 8.705200e+02
-5.119816e-05 7.829078e+02 3.138739e+02 8.666994e+02
-4.897681e-05 7.831165e+02 3.139575e+02 8.669303e+02
-4.692693e-05 7.838697e+02 3.142595e+02 8.677642e+02
-4.506197e-05 7.832829e+02 3.140243e+02 8.671146e+02
-4.338337e-05 7.851227e+02 3.147618e+02 8.691512e+02
-4.186805e-05 7.831707e+02 3.139793e+02 8.669904e+02
-4.055568e-05 7.816459e+02 3.133680e+02 8.653024e+02
-3.943254e-05 7.816404e+02 3.133658e+02 8.652962e+02
-3.842615e-05 7.768004e+02 3.114254e+02 8.599383e+02
-3.757316e-05 7.752633e+02 3.108092e+02 8.582367e+02
-3.686069e-05 7.734718e+02 3.100909e+02 8.562534e+02
-3.620347e-05 7.697599e+02 3.086028e+02 8.521442e+02
-3.562420e-05 7.684330e+02 3.080708e+02 8.506754e+02
-3.513696e-05 7.701794e+02 3.087710e+02 8.526087e+02
-3.472461e-05 7.674726e+02 3.076858e+02 8.496121e+02
-3.440378e-05 7.741511e+02 3.103632e+02 8.570054e+02
-3.412240e-05 7.745061e+02 3.105056e+02 8.573984e+02
-3.384365e-05 7.778903e+02 3.118623e+02 8.611448e+02
-3.356510e-05 7.808114e+02 3.130334e+02 8.643786e+02
-3.324256e-05 7.796398e+02 3.125637e+02 8.630815e+02
-3.288929e-05 7.843978e+02 3.144713e+02 8.683488e+02
-3.252168e-05 7.890397e+02 3.163322e+02 8.734875e+02
-3.212443e-05 7.926792e+02 3.177913e+02 8.775166e+02
-3.172083e-05 7.945489e+02 3.185409e+02 8.795863e+02
-3.132319e-05 7.976126e+02 3.197692e+02 8.829779e+02
-3.093417e-05 7.951888e+02 3.187974e+02 8.802947e+02
-3.054839e-05 7.921815e+02 3.175918e+02 8.769656e+02
-3.017989e-05 7.930685e+02 3.179474e+02 8.779475e+02
-2.981804e-05 7.926894e+02 3.177954e+02 8.775279e+02
-2.943677e-05 7.913252e+02 3.172485e+02 8.760176e+02
-2.904279e-05 7.921744e+02 3.175889e+02 8.769577e+02
-2.863269e-05 7.920852e+02 3.175532e+02 8.768590e+02
-2.822149e-05 7.897373e+02 3.166119e+02 8.742597e+02
-2.784285e-05 7.892683e+02 3.164239e+02 8.737406e+02
-2.750174e-05 7.876619e+02 3.157798e+02 8.719623e+02
-2.719562e-05 7.837222e+02 3.142004e+02 8.676009e+02
-2.693660e-05 7.809435e+02 3.130864e+02 8.645248e+02
-2.671411e-05 7.808476e+02 3.130479e+02 8.644187e+02
-2.650260e-05 7.816973e+02 3.133886e+02 8.653592e+02
-2.629981e-05 7.804450e+02 3.128865e+02 8.639729e+02
-2.610027e-05 7.780383e+02 3.119216e+02 8.613086e+02
-2.591401e-05 7.823963e+02 3.136688e+02 8.661331e+02
-2.572325e-05 7.800279e+02 3.127193e+02 8.635112e+02
-2.550651e-05 7.795395e+02 3.125235e+02 8.629705e+02
-2.528626e-05 7.803600e+02 3.128524e+02 8.638788e+02
-2.508368e-05 7.800662e+02 3.127346e+02 8.635536e+02
-2.491039e-05 7.817241e+02 3.133993e+02 8.653889e+02
-2.476309e-05 7.778085e+02 3.118295e+02 8.610543e+02
-2.463192e-05 7.798902e+02 3.126641e+02 8.633588e+02
-2.450852e-05 7.848471e+02 3.146514e+02 8.688462e+02
-2.437794e-05 7.853237e+02 3.148424e+02 8.693738e+02
-2.422407e-05 7.841398e+02 3.143678e+02 8.680632e+02
-2.405605e-05 7.843118e+02 3.144368e+02 8.682536e+02
-2.387174e-05 7.836397e+02 3.141673e+02 8.675095e+02
-2.367963e-05 7.889197e+02 3.162841e+02 8.733547e+02
-2.347292e-05 7.868921e+02 3.154712e+02 8.711100e+02
-2.323719e-05 7.867022e+02 3.153951e+02 8.708998e+02
-2.295518e-05 7.846621e+02 3.145772e+02 8.686414e+02
-2.262191e-05 7.829994e+02 3.139106e+02 8.668007e+02
-2.227598e-05 7.803554e+02 3.128506e+02 8.638738e+02
-2.190226e-05 7.781580e+02 3.119697e+02 8.614412e+02
-2.150112e-05 7.841444e+02 3.143696e+02 8.680683e+02
-2.108890e-05 7.831303e+02 3.139631e+02 8.669457e+02
-2.066420e-05 7.824128e+02 3.136754e+02 8.661514e+02
-2.021948e-05 7.754431e+02 3.108812e+02 8.584357e+02
-1.976930e-05 7.773955e+02 3.116640e+02 8.605970e+02
-1.931979e-05 7.752600e+02 3.108078e+02 8.582330e+02
-1.885376e-05 7.763152e+02 3.112309e+02 8.594012e+02
-1.838829e-05 7.765929e+02 3.113422e+02 8.597085e+02
-1.792230e-05 7.757337e+02 3.109977e+02 8.587574e+02
-1.744587e-05 7.751080e+02 3.107469e+02 8.580647e+02
-1.695804e-05 7.738201e+02 3.102305e+02 8.566390e+02
-1.646844e-05 7.756194e+02 3.109519e+02 8.586309e+02
-1.598971e-05 7.744786e+02 3.104945e+02 8.573680e+02
-1.551652e-05 7.774524e+02 3.116868e+02 8.606601e+02
-1.505130e-05 7.755127e+02 3.109091e+02 8.585127e+02
-1.459069e-05 7.809104e+02 3.130731e+02 8.644882e+02
-1.414689e-05 7.814375e+02 3.132844e+02 8.650717e+02
-1.373630e-05 7.772805e+02 3.116179e+02 8.604698e+02
-1.335393e-05 7.776684e+02 3.117734e+02 8.608991e+02
-1.299867e-05 7.732000e+02 3.099820e+02 8.559526e+02
-1.266958e-05 7.719930e+02 3.094981e+02 8.546164e+02
-1.236722e-05 7.722618e+02 3.096058e+02 8.549140e+02
-1.209390e-05 7.724001e+02 3.096612e+02 8.550670e+02
-1.184880e-05 7.750192e+02 3.107113e+02 8.579665e+02
-1.162527e-05 7.764772e+02 3.112958e+02 8.595804e+02
-1.142944e-05 7.779053e+02 3.118684e+02 8.611615e+02
-1.126243e-05 7.776829e+02 3.117792e+02 8.609152e+02
-1.111553e-05 7.776384e+02 3.117614e+02 8.608660e+02
-1.098469e-05 7.771652e+02 3.115716e+02 8.603421e+02
-1.087288e-05 7.802513e+02 3.128089e+02 8.637585e+02
-1.077858e-05 7.843658e+02 3.144584e+02 8.683134e+02
-1.069354e-05 7.883689e+02 3.160633e+02 8.727450e+02
-1.062193e-05 7.872551e+02 3.156167e+02 8.715119e+02
-1.056726e-05 7.875111e+02 3.157194e+02 8.717953e+02
-1.052842e-05 7.873919e+02 3.156716e+02 8.716634e+02
-1.051427e-05 7.817299e+02 3.134016e+02 8.653953e+02
-1.052288e-05 7.838176e+02 3.142386e+02 8.677065e+02
-1.054480e-05 7.850546e+02 3.147345e+02 8.690759e+02
-1.058570e-05 7.827687e+02 3.138181e+02 8.665453e+02
-1.064853e-05 7.801640e+02 3.127739e+02 8.636619e+02
-1.072177e-05 7.817226e+02 3.133987e+02 8.653873e+02
-1.080643e-05 7.838087e+02 3.142350e+02 8.676966e+02
-1.091530e-05 7.808445e+02 3.130467e+02 8.644152e+02
-1.104483e-05 7.816661e+02 3.133761e+02 8.653247e+02
-1.118736e-05 7.814496e+02 3.132893e+02 8.650851e+02
-1.133652e-05 7.863528e+02 3.152550e+02 8.705131e+02
-1.149558e-05 7.889241e+02 3.162859e+02 8.733595e+02
-1.166865e-05 7.845928e+02 3.145494e+02 8.685647e+02
-1.185313e-05 7.858822e+02 3.150663e+02 8.699921e+02
-1.204509e-05 7.850624e+02 3.147377e+02 8.690845e+02
-1.225239e-05 7.868296e+02 3.154462e+02 8.710409e+02
-1.247984e-05 7.888487e+02 3.162556e+02 8.732760e+02
-1.272452e-05 7.884563e+02 3.160983e+02 8.728417e+02
-1.298626e-05 7.869900e+02 3.155105e+02 8.712184e+02
-1.328314e-05 7.941995e+02 3.184008e+02 8.791996e+02
-1.360178e-05 7.900761e+02 3.167477e+02 8.746348e+02
-1.393032e-05 7.881467e+02 3.159742e+02 8.724989e+02
-1.426472e-05 7.825436e+02 3.137279e+02 8.662962e+02
-1.457850e-05 7.827968e+02 3.138294e+02 8.665765e+02
-1.489189e-05 7.763878e+02 3.112599e+02 8.594815e+02
-1.520723e-05 7.775824e+02 3.117389e+02 8.608039e+02
-1.548486e-05 7.733814e+02 3.100547e+02 8.561533e+02
-1.569648e-05 7.684296e+02 3.080694e+02 8.506716e+02
-1.585017e-05 7.708683e+02 3.090471e+02 8.533713e+02
-1.597017e-05 7.741479e+02 3.103620e+02 8.570019e+02
-1.606523e-05 7.703247e+02 3.088292e+02 8.527695e+02
-1.613887e-05 7.691140e+02 3.083439e+02 8.514293e+02
-1.619801e-05 7.689008e+02 3.082584e+02 8.511932e+02
-1.622007e-05 7.665455e+02 3.073141e+02 8.485858e+02
-1.620560e-05 7.609573e+02 3.050737e+02 8.423995e+02
-1.616683e-05 7.589914e+02 3.042856e+02 8.402232e+02
-1.614748e-05 7.627580e+02 3.057957e+02 8.443930e+02
-1.616555e-05 7.609426e+02 3.050679e+02 8.423833e+02
-1.620354e-05 7.567235e+02 3.033764e+02 8.377126e+02
-1.625622e-05 7.566518e+02 3.033476e+02 8.376332e+02
-1.632737e-05 7.569344e+02 3.034609e+02 8.379461e+02
-1.636660e-05 7.534965e+02 3.020827e+02 8.341403e+02
-1.636537e-05 7.521522e+02 3.015437e+02 8.326520e+02
-1.638844e-05 7.543142e+02 3.024105e+02 8.350454e+02
-1.642488e-05 7.597584e+02 3.045931e+02 8.410723e+02
-1.646413e-05 7.626079e+02 3.057355e+02 8.442268e+02
-1.651445e-05 7.588334e+02 3.042223e+02 8.400483e+02
-1.659401e-05 7.598459e+02 3.046282e+02 8.411692e+02
-1.669344e-05 7.572028e+02 3.035686e+02 8.382433e+02
-1.682915e-05 7.590135e+02 3.042945e+02 8.402477e+02
-1.702871e-05 7.604733e+02 3.048797e+02 8.418637e+02
-1.728461e-05 7.570436e+02 3.035047e+02 8.380670e+02
-1.756661e-05 7.596768e+02 3.045604e+02 8.409820e+02
-1.781957e-05 7.605541e+02 3.049121e+02 8.419532e+02
-1.802184e-05 7.632074e+02 3.059758e+02 8.448904e+02
-1.822612e-05 7.599467e+02 3.046686e+02 8.412807e+02
-1.843639e-05 7.635839e+02 3.061268e+02 8.453072e+02
-1.862885e-05 7.649701e+02 3.066825e+02 8.468419e+02
-1.880173e-05 7.679119e+02 3.078619e+02 8.500985e+02
-1.898880e-05 7.719189e+02 3.094683e+02 8.545343e+02
-1.920977e-05 7.743759e+02 3.104534e+02 8.572543e+02
-1.942734e-05 7.770558e+02 3.115278e+02 8.602210e+02
-1.962407e-05 7.773822e+02 3.116586e+02 8.605824e+02
-1.980682e-05 7.778114e+02 3.118307e+02 8.610575e+02
-1.998921e-05 7.803041e+02 3.128300e+02 8.638170e+02
-2.019468e-05 7.817437e+02 3.134072e+02 8.654107e+02
-2.042114e-05 7.830707e+02 3.139392e+02 8.668797e+02
-2.063400e-05 7.801567e+02 3.127710e+02 8.636538e+02
-2.086540e-05 7.752461e+02 3.108022e+02 8.582176e+02
-2.112156e-05 7.784830e+02 3.120999e+02 8.618010e+02
-2.136902e-05 7.790266e+02 3.123179e+02 8.624028e+02
-2.160766e-05 7.762388e+02 3.112002e+02 8.593165e+02
-2.185342e-05 7.800051e+02 3.127102e+02 8.634859e+02
-2.213798e-05 7.783180e+02 3.120338e+02 8.616183e+02
-2.247851e-05 7.803385e+02 3.128438e+02 8.638551e+02
-2.285877e-05 7.802602e+02 3.128124e+02 8.637684e+02
-2.328342e-05 7.743614e+02 3.104476e+02 8.572383e+02
-2.373479e-05 7.730816e+02 3.099345e+02 8.558215e+02
-2.420236e-05 7.771589e+02 3.115691e+02 8.603352e+02
-2.469291e-05 7.737876e+02 3.102175e+02 8.566030e+02
-2.521620e-05 7.724803e+02 3.096934e+02 8.551558e+02
-2.577888e-05 7.757365e+02 3.109988e+02 8.587605e+02
-2.637986e-05 7.722124e+02 3.095860e+02 8.548593e+02
-2.705139e-05 7.723861e+02 3.096557e+02 8.550515e+02
-2.775964e-05 7.730813e+02 3.099344e+02 8.558211e+02
-2.850337e-05 7.794830e+02 3.125008e+02 8.629079e+02
-2.931731e-05 7.793384e+02 3.124429e+02 8.627479e+02
-3.019312e-05 7.793732e+02 3.124568e+02 8.627864e+02
-3.118272e-05 7.799474e+02 3.126871e+02 8.634221e+02
-3.232126e-05 7.813646e+02 3.132552e+02 8.649909e+02
-3.356309e-05 7.778471e+02 3.118450e+02 8.610970e+02
-3.485653e-05 7.785736e+02 3.121363e+02 8.619013e+02
-3.619041e-05 7.745665e+02 3.105298e+02 8.574653e+02
-3.751097e-05 7.759315e+02 3.110770e+02 8.589764e+02
-3.881436e-05 7.775954e+02 3.117441e+02 8.608183e+02
-4.018320e-05 7.772443e+02 3.116034e+02 8.604297e+02
-4.159490e-05 7.780957e+02 3.119447e+02 8.613723e+02
-4.305431e-05 7.810964e+02 3.131477e+02 8.646941e+02
-4.466517e-05 7.824312e+02 3.136828e+02 8.661717e+02
-4.635550e-05 7.887232e+02 3.162053e+02 8.731371e+02
-4.811792e-05 7.881317e+02 3.159682e+02 8.724823e+02
-5.013351e-05 7.848634e+02 3.146579e+02 8.688643e+02
-5.244021e-05 7.878527e+02 3.158564e+02 8.721735e+02
-5.518400e-05 7.899980e+02 3.167164e+02 8.745483e+02
-5.851094e-05 7.878432e+02 3.158525e+02 8.721630e+02
-6.212665e-05 7.871398e+02 3.155705e+02 8.713843e+02
-6.588143e-05 7.865361e+02 3.153285e+02 8.707160e+02
-6.996625e-05 7.896584e+02 3.165802e+02 8.741724e+02
-7.454429e-05 7.903698e+02 3.168654e+02 8.749599e+02
-7.956487e-05 7.891529e+02 3.163776e+02 8.736128e+02
-8.478493e-05 7.849411e+02 3.146890e+02 8.689502e+02
-9.037796e-05 7.850686e+02 3.147402e+02 8.690914e+02
-9.672832e-05 7.824071e+02 3.136732e+02 8.661451e+02
-1.037620e-04 7.813014e+02 3.132299e+02 8.649210e+02
-1.113441e-04 7.878583e+02 3.158586e+02 8.721796e+02
-1.197730e-04 7.903242e+02 3.168472e+02 8.749094e+02
-1.293773e-04 7.892440e+02 3.164141e+02 8.737137e+02
-1.398374e-04 7.989807e+02 3.203176e+02 8.844925e+02
-1.512818e-04 7.954431e+02 3.188994e+02 8.805762e+02
-1.645590e-04 7.962265e+02 3.192134e+02 8.814434e+02
-1.792079e-04 7.955819e+02 3.189550e+02 8.807299e+02
-1.949922e-04 7.940847e+02 3.183548e+02 8.790724e+02
-2.122515e-04 7.928958e+02 3.178781e+02 8.777563e+02
-2.310405e-04 7.909089e+02 3.170816e+02 8.755568e+02
-2.510832e-04 7.916745e+02 3.173885e+02 8.764042e+02
-2.733006e-04 7.907938e+02 3.170354e+02 8.754293e+02
-2.989548e-04 7.894634e+02 3.165021e+02 8.739566e+02
-3.271730e-04 7.909575e+02 3.171011e+02 8.756105e+02
-3.587804e-04 8.015113e+02 3.213322e+02 8.872938e+02
-3.930766e-04 7.984156e+02 3.200911e+02 8.838668e+02
-4.281280e-04 7.994370e+02 3.205006e+02 8.849976e+02
-4.645235e-04 8.058510e+02 3.230720e+02 8.920980e+02
-5.022232e-04 8.130510e+02 3.259585e+02 9.000686e+02
-5.421786e-04 8.159540e+02 3.271224e+02 9.032823e+02
-5.841909e-04 8.148854e+02 3.266940e+02 9.020994e+02
-6.284361e-04 8.167086e+02 3.274249e+02 9.041177e+02
-6.751763e-04 8.179307e+02 3.279149e+02 9.054706e+02
-7.218164e-04 8.182502e+02 3.280429e+02 9.058243e+02
-7.662587e-04 8.186535e+02 3.282046e+02 9.062707e+02
-8.048530e-04 8.178699e+02 3.278905e+02 9.054033e+02
-8.345930e-04 8.156934e+02 3.270179e+02 9.029938e+02
-8.539436e-04 8.200309e+02 3.287568e+02 9.077956e+02
-8.596926e-04 8.192157e+02 3.284300e+02 9.068931e+02
-8.495766e-04 8.200895e+02 3.287803e+02 9.078604e+02
-8.284714e-04 8.212502e+02 3.292457e+02 9.091454e+02
-7.991395e-04 8.215152e+02 3.293519e+02 9.094387e+02
-7.629692e-04 8.229709e+02 3.299355e+02 9.110502e+02
-7.187965e-04 8.207708e+02 3.290535e+02 9.086147e+02
-6.718199e-04 8.226501e+02 3.298069e+02 9.106951e+02
-6.269855e-04 8.204677e+02 3.289319e+02 9.082791e+02
-5.829598e-04 8.229240e+02 3.299167e+02 9.109983e+02
-5.411213e-04 8.282393e+02 3.320476e+02 9.168824e+02
-5.017206e-04 8.284936e+02 3.321496e+02 9.171640e+02
-4.645865e-04 8.296734e+02 3.326226e+02 9.184700e+02
-4.295513e-04 8.324855e+02 3.337500e+02 9.215831e+02
-3.953081e-04 8.332282e+02 3.340477e+02 9.224053e+02
-3.619913e-04 8.328823e+02 3.339090e+02 9.220224e+02
-3.315034e-04 8.357141e+02 3.350443e+02 9.251573e+02
-3.028492e-04 8.297780e+02 3.326645e+02 9.185859e+02
-2.750442e-04 8.249466e+02 3.307276e+02 9.132374e+02
-2.494549e-04 8.239041e+02 3.303096e+02 9.120833e+02
-2.272552e-04 8.225527e+02 3.297679e+02 9.105873e+02
-2.082327e-04 8.228262e+02 3.298775e+02 9.108901e+02
-1.908998e-04 8.222586e+02 3.296499e+02 9.102616e+02
-1.748683e-04 8.237174e+02 3.302348e+02 9.118766e+02
-1.602129e-04 8.226132e+02 3.297921e+02 9.106542e+02
-1.470315e-04 8.252952e+02 3.308673e+02 9.136233e+02
-1.353251e-04 8.240092e+02 3.303518e+02 9.121996e+02
-1.246858e-04 8.201649e+02 3.288105e+02 9.079439e+02
-1.150028e-04 8.229681e+02 3.299344e+02 9.110471e+02
-1.064499e-04 8.262250e+02 3.312401e+02 9.146525e+02
-9.886424e-05 8.339353e+02 3.343312e+02 9.231881e+02
-9.194048e-05 8.351661e+02 3.348246e+02 9.245506e+02
-8.581540e-05 8.367834e+02 3.354730e+02 9.263410e+02
-8.045408e-05 8.361890e+02 3.352347e+02 9.256829e+02
-7.566941e-05 8.323166e+02 3.336822e+02 9.213961e+02
-7.137813e-05 8.354284e+02 3.349298e+02 9.248410e+02
-6.752056e-05 8.375967e+02 3.357991e+02 9.272413e+02
-6.415471e-05 8.330859e+02 3.339907e+02 9.222478e+02
-6.126390e-05 8.328230e+02 3.338853e+02 9.219568e+02
-5.872618e-05 8.334532e+02 3.341379e+02 9.226544e+02
-5.648781e-05 8.304858e+02 3.329483e+02 9.193695e+02
-5.446852e-05 8.311999e+02 3.332346e+02 9.201600e+02
-5.259378e-05 8.291585e+02 3.324161e+02 9.179000e+02
-5.086787e-05 8.279752e+02 3.319417e+02 9.165901e+02
-4.931810e-05 8.261644e+02 3.312158e+02 9.145855e+02
-4.796610e-05 8.243610e+02 3.304928e+02 9.125891e+02
-4.685528e-05 8.215098e+02 3.293497e+02 9.094327e+02
-4.597258e-05 8.193235e+02 3.284732e+02 9.070125e+02
-4.531090e-05 8.165526e+02 3.273623e+02 9.039450e+02
-4.484374e-05 8.192526e+02 3.284448e+02 9.069339e+02
-4.455974e-05 8.165814e+02 3.273739e+02 9.039769e+02
-4.452055e-05 8.189520e+02 3.283243e+02 9.066012e+02
-4.466291e-05 8.156988e+02 3.270200e+02 9.029998e+02
-4.494542e-05 8.121411e+02 3.255937e+02 8.990613e+02
-4.543200e-05 8.139297e+02 3.263108e+02 9.010413e+02
-4.613878e-05 8.161431e+02 3.271982e+02 9.034916e+02
-4.703113e-05 8.147976e+02 3.266588e+02 9.020022e+02
-4.814968e-05 8.180231e+02 3.279519e+02 9.055729e+02
-4.959331e-05 8.137020e+02 3.262195e+02 9.007893e+02
-5.139314e-05 8.125604e+02 3.257619e+02 8.995255e+02
-5.345413e-05 8.138289e+02 3.262704e+02 9.009297e+02
-5.579253e-05 8.124671e+02 3.257244e+02 8.994223e+02
-5.855857e-05 8.131054e+02 3.259804e+02 9.001289e+02
-6.171765e-05 8.121581e+02 3.256005e+02 8.990801e+02
-6.530249e-05 8.145318e+02 3.265522e+02 9.017080e+02
-6.940878e-05 8.173368e+02 3.276767e+02 9.048131e+02
-7.409204e-05 8.156457e+02 3.269988e+02 9.029410e+02
-7.936776e-05 8.139164e+02 3.263055e+02 9.010266e+02
-8.536665e-05 8.141131e+02 3.263843e+02 9.012444e+02
-9.204908e-05 8.136498e+02 3.261986e+02 9.007315e+02
-9.973517e-05 8.152508e+02 3.268404e+02 9.025038e+02
-1.091075e-04 8.113910e+02 3.252930e+02 8.982310e+02
-1.200203e-04 8.140864e+02 3.263736e+02 9.012148e+02
-1.323726e-04 8.138325e+02 3.262718e+02 9.009338e+02
-1.468091e-04 8.125225e+02 3.257466e+02 8.994835e+02
-1.639102e-04 8.132165e+02 3.260249e+02 9.002518e+02
-1.840011e-04 8.136578e+02 3.262018e+02 9.007403e+02
-2.074415e-04 8.143801e+02 3.264914e+02 9.015400e+02
-2.343803e-04 8.179398e+02 3.279185e+02 9.054807e+02
-2.657868e-04 8.209555e+02 3.291275e+02 9.088191e+02
-3.023640e-04 8.163870e+02 3.272960e+02 9.037617e+02
-3.449419e-04 8.174361e+02 3.277165e+02 9.049230e+02
-3.962237e-04 8.123239e+02 3.256670e+02 8.992637e+02
-4.604399e-04 8.120088e+02 3.255407e+02 8.989149e+02
-5.394307e-04 8.120971e+02 3.255761e+02 8.990127e+02
-6.323317e-04 8.114466e+02 3.253153e+02 8.982925e+02
-7.418443e-04 8.126164e+02 3.257843e+02 8.995875e+02
-8.713556e-04 8.181557e+02 3.280050e+02 9.057196e+02
-1.027364e-03 8.193700e+02 3.284919e+02 9.070639e+02
-1.224909e-03 8.214535e+02 3.293272e+02 9.093704e+02
-1.462806e-03 8.185937e+02 3.281806e+02 9.062045e+02
-1.743967e-03 8.167785e+02 3.274529e+02 9.041951e+02
-2.092337e-03 8.149601e+02 3.267239e+02 9.021821e+02
-2.534604e-03 8.150625e+02 3.267649e+02 9.022954e+02
-3.094534e-03 8.129779e+02 3.259292e+02 8.999877e+02
-3.805456e-03 8.135762e+02 3.261691e+02 9.006500e+02
-4.691385e-03 8.146322e+02 3.265925e+02 9.018191e+02
-5.761231e-03 8.141602e+02 3.264032e+02 9.012966e+02
-7.067305e-03 8.120445e+02 3.255550e+02 8.989544e+02
-8.570855e-03 8.097531e+02 3.246364e+02 8.964178e+02
-1.026443e-02 8.151075e+02 3.267830e+02 9.023452e+02
-1.221242e-02 8.168007e+02 3.274618e+02 9.042196e+02
-1.434361e-02 8.170555e+02 3.275640e+02 9.045017e+02
-1.666590e-02 8.167150e+02 3.274275e+02 9.041248e+02
-1.910714e-02 8.175289e+02 3.277538e+02 9.050258e+02
-2.153911e-02 8.178692e+02 3.278902e+02 9.054025e+02
-2.387003e-02 8.187715e+02 3.282519e+02 9.064014e+02
-2.613921e-02 8.195080e+02 3.285472e+02 9.072167e+02
-2.814779e-02 8.168700e+02 3.274896e+02 9.042964e+02
-2.923364e-02 8.162863e+02 3.272556e+02 9.036502e+02
-2.957389e-02 8.118622e+02 3.254819e+02 8.987526e+02
-2.961467e-02 8.102789e+02 3.248472e+02 8.969998e+02
-2.900037e-02 8.058879e+02 3.230868e+02 8.921389e+02
-2.737301e-02 8.098881e+02 3.246905e+02 8.965673e+02
-2.501404e-02 8.143906e+02 3.264956e+02 9.015516e+02
-2.225425e-02 8.169523e+02 3.275226e+02 9.043874e+02
-1.963299e-02 8.212850e+02 3.292596e+02 9.091839e+02
-1.734839e-02 8.158984e+02 3.271001e+02 9.032208e+02
-1.547218e-02 8.159054e+02 3.271029e+02 9.032285e+02
-1.405065e-02 8.160479e+02 3.271600e+02 9.033863e+02
-1.313714e-02 8.155325e+02 3.269534e+02 9.028158e+02
-1.259366e-02 8.133379e+02 3.260735e+02 9.003862e+02
-1.212283e-02 8.128460e+02 3.258763e+02 8.998417e+02
-1.144626e-02 8.118821e+02 3.254899e+02 8.987746e+02
-1.039609e-02 8.126069e+02 3.257805e+02 8.995771e+02
-8.997815e-03 8.119492e+02 3.255168e+02 8.988490e+02
-7.377393e-03 8.075026e+02 3.237341e+02 8.939264e+02
-5.791433e-03 8.087748e+02 3.242442e+02 8.953348e+02
-4.403620e-03 8.084689e+02 3.241215e+02 8.949962e+02
-3.271316e-03 8.088107e+02 3.242586e+02 8.953745e+02
-2.423865e-03 8.080401e+02 3.239496e+02 8.945215e+02
-1.817938e-03 8.059716e+02 3.231204e+02 8.922316e+02
-1.381456e-03 8.057596e+02 3.230353e+02 8.919968e+02
-1.060537e-03 8.055270e+02 3.229421e+02 8.917394e+02
-8.302298e-04 8.038642e+02 3.222755e+02 8.898986e+02
-6.675770e-04 8.008403e+02 3.210632e+02 8.865511e+02
-5.514035e-04 7.967173e+02 3.194102e+02 8.819868e+02
-4.680044e-04 7.982739e+02 3.200343e+02 8.837100e+02
-4.061881e-04 8.007361e+02 3.210214e+02 8.864357e+02
-3.595457e-04 8.032384e+02 3.220246e+02 8.892058e+02
-3.244202e-04 7.964634e+02 3.193084e+02 8.817058e+02
-2.971953e-04 8.006909e+02 3.210033e+02 8.863857e+02
-2.745559e-04 7.989960e+02 3.203237e+02 8.845093e+02
-2.554257e-04 7.993042e+02 3.204473e+02 8.848506e+02
-2.392815e-04 8.000093e+02 3.207300e+02 8.856311e+02
-2.258531e-04 7.998621e+02 3.206710e+02 8.854681e+02
-2.148469e-04 7.992123e+02 3.204105e+02 8.847488e+02
-2.054106e-04 7.977695e+02 3.198321e+02 8.831516e+02
-1.972203e-04 7.948525e+02 3.186626e+02 8.799224e+02
-1.905555e-04 7.955870e+02 3.189571e+02 8.807355e+02
-1.853631e-04 7.991359e+02 3.203799e+02 8.846643e+02
-1.814630e-04 7.945831e+02 3.185546e+02 8.796242e+02
-1.790075e-04 7.874396e+02 3.156907e+02 8.717162e+02
-1.776278e-04 7.879066e+02 3.158780e+02 8.722332e+02
-1.771672e-04 7.881206e+02 3.159637e+02 8.724700e+02
-1.782135e-04 7.836213e+02 3.141599e+02 8.674892e+02
-1.811006e-04 7.861095e+02 3.151575e+02 8.702437e+02
-1.857186e-04 7.895202e+02 3.165248e+02 8.740194e+02
-1.918885e-04 7.907209e+02 3.170062e+02 8.753487e+02
-1.988952e-04 7.883514e+02 3.160563e+02 8.727255e+02
-2.060125e-04 7.920451e+02 3.175371e+02 8.768146e+02
-2.128696e-04 7.929224e+02 3.178888e+02 8.777857e+02
-2.190549e-04 7.978901e+02 3.198804e+02 8.832852e+02
-2.237293e-04 8.001801e+02 3.207985e+02 8.858202e+02
-2.258686e-04 7.943441e+02 3.184588e+02 8.793596e+02
-2.252973e-04 7.950707e+02 3.187501e+02 8.801640e+02
-2.210261e-04 7.879036e+02 3.158767e+02 8.722298e+02
-2.122067e-04 7.838545e+02 3.142534e+02 8.677473e+02
-2.000854e-04 7.805686e+02 3.129361e+02 8.641098e+02
-1.861528e-04 7.814952e+02 3.133076e+02 8.651356e+02
-1.704239e-04 7.822073e+02 3.135931e+02 8.659239e+02
-1.537626e-04 7.824835e+02 3.137038e+02 8.662296e+02
-1.373050e-04 7.838991e+02 3.142713e+02 8.677967e+02
-1.216853e-04 7.817000e+02 3.133896e+02 8.653622e+02
-1.075046e-04 7.814075e+02 3.132724e+02 8.650385e+02
-9.470460e-05 7.860620e+02 3.151384e+02 8.701911e+02
-8.318222e-05 7.880153e+02 3.159215e+02 8.723534e+02
-7.311375e-05 7.929647e+02 3.179058e+02 8.778326e+02
-6.432388e-05 7.946109e+02 3.185657e+02 8.796549e+02
-5.672342e-05 7.993823e+02 3.204786e+02 8.849370e+02
-5.029190e-05 7.992829e+02 3.204388e+02 8.848270e+02
-4.492243e-05 7.964462e+02 3.193016e+02 8.816867e+02
-4.053159e-05 7.949125e+02 3.186867e+02 8.799888e+02
-3.694991e-05 7.945752e+02 3.185514e+02 8.796155e+02
-3.400014e-05 7.989852e+02 3.203194e+02 8.844974e+02
-3.161423e-05 7.970325e+02 3.195366e+02 8.823358e+02
-2.972449e-05 7.981670e+02 3.199914e+02 8.835916e+02
-2.826994e-05 8.017228e+02 3.214170e+02 8.875280e+02
-2.719449e-05 8.064289e+02 3.233037e+02 8.927378e+02
-2.644426e-05 8.009320e+02 3.210999e+02 8.866526e+02
-2.597840e-05 8.018133e+02 3.214533e+02 8.876282e+02
-2.578691e-05 7.998880e+02 3.206814e+02 8.854968e+02
-2.586920e-05 8.068395e+02 3.234683e+02 8.931923e+02
-2.617954e-05 8.073044e+02 3.236547e+02 8.937070e+02
-2.672080e-05 8.053205e+02 3.228593e+02 8.915108e+02
-2.751402e-05 8.022279e+02 3.216195e+02 8.880872e+02
-2.852315e-05 7.967590e+02 3.194269e+02 8.820330e+02
-2.979377e-05 8.007849e+02 3.210409e+02 8.864897e+02
-3.136738e-05 7.951153e+02 3.187680e+02 8.802133e+02
-3.320010e-05 7.886201e+02 3.161640e+02 8.730230e+02
-3.531323e-05 7.898794e+02 3.166689e+02 8.744171e+02
-3.769628e-05 7.929456e+02 3.178981e+02 8.778115e+02
-4.032209e-05 7.861155e+02 3.151599e+02 8.702504e+02
-4.327657e-05 7.889962e+02 3.163148e+02 8.734394e+02
-4.661480e-05 7.908890e+02 3.170736e+02 8.755348e+02
-5.027268e-05 7.887450e+02 3.162141e+02 8.731613e+02
-5.421439e-05 7.923664e+02 3.176659e+02 8.771703e+02
-5.842444e-05 7.938440e+02 3.182583e+02 8.788060e+02
-6.296439e-05 7.912963e+02 3.172369e+02 8.759856e+02
-6.788561e-05 7.957404e+02 3.190186e+02 8.809054e+02
-7.332266e-05 7.989490e+02 3.203049e+02 8.844573e+02
-7.937080e-05 7.978855e+02 3.198785e+02 8.832800e+02
-8.587907e-05 8.015774e+02 3.213587e+02 8.873671e+02
-9.276343e-05 8.020801e+02 3.215602e+02 8.879236e+02
-1.000754e-04 8.033748e+02 3.220793e+02 8.893569e+02
-1.077568e-04 8.042195e+02 3.224179e+02 8.902920e+02
-1.156890e-04 8.046154e+02 3.225766e+02 8.907302e+02
-1.238906e-04 8.068013e+02 3.234530e+02 8.931501e+02
-1.321269e-04 8.087817e+02 3.242469e+02 8.953424e+02
-1.398685e-04 8.075446e+02 3.237510e+02 8.939729e+02
-1.461014e-04 8.046857e+02 3.226048e+02 8.908081e+02
-1.510603e-04 8.050365e+02 3.227455e+02 8.911964e+02
-1.555271e-04 8.044806e+02 3.225226e+02 8.905810e+02
-1.597895e-04 8.032432e+02 3.220265e+02 8.892112e+02
-1.633640e-04 8.045817e+02 3.225631e+02 8.906929e+02
-1.649744e-04 7.982660e+02 3.200311e+02 8.837012e+02
-1.647599e-04 7.927158e+02 3.178060e+02 8.775571e+02
-1.634581e-04 7.938700e+02 3.182687e+02 8.788348e+02
-1.617301e-04 7.937524e+02 3.182216e+02 8.787045e+02
-1.595296e-04 7.933421e+02 3.180571e+02 8.782504e+02
-1.565657e-04 7.875809e+02 3.157474e+02 8.718725e+02
-1.527311e-04 7.863910e+02 3.152703e+02 8.705553e+02
-1.482991e-04 7.840668e+02 3.143385e+02 8.679823e+02
-1.434533e-04 7.821369e+02 3.135648e+02 8.658459e+02
-1.381597e-04 7.823454e+02 3.136484e+02 8.660767e+02
-1.327139e-04 7.799759e+02 3.126985e+02 8.634537e+02
-1.271605e-04 7.747880e+02 3.106186e+02 8.577104e+02
-1.212043e-04 7.767444e+02 3.114029e+02 8.598763e+02
-1.149616e-04 7.773026e+02 3.116267e+02 8.604942e+02
-1.089048e-04 7.769539e+02 3.114869e+02 8.601082e+02
-1.030555e-04 7.732884e+02 3.100174e+02 8.560504e+02
-9.763900e-05 7.710952e+02 3.091381e+02 8.536225e+02
-9.306495e-05 7.688024e+02 3.082189e+02 8.510842e+02
-8.931542e-05 7.619621e+02 3.054766e+02 8.435118e+02
-8.605578e-05 7.620381e+02 3.055071e+02 8.435960e+02
-8.332294e-05 7.606670e+02 3.049574e+02 8.420782e+02
-8.115075e-05 7.642394e+02 3.063896e+02 8.460329e+02
-7.946089e-05 7.622811e+02 3.056045e+02 8.438651e+02
-7.828340e-05 7.600961e+02 3.047285e+02 8.414462e+02
-7.754466e-05 7.600903e+02 3.047262e+02 8.414398e+02
-7.713592e-05 7.600223e+02 3.046989e+02 8.413645e+02
-7.704473e-05 7.608328e+02 3.050238e+02 8.422617e+02
-7.735347e-05 7.613523e+02 3.052321e+02 8.428368e+02
-7.822497e-05 7.594391e+02 3.044651e+02 8.407189e+02
-7.960635e-05 7.641281e+02 3.063450e+02 8.459097e+02
-8.145744e-05 7.668760e+02 3.074466e+02 8.489517e+02
-8.384590e-05 7.674552e+02 3.076788e+02 8.495929e+02
-8.682122e-05 7.658714e+02 3.070438e+02 8.478395e+02
-9.049281e-05 7.668157e+02 3.074224e+02 8.488849e+02
-9.483094e-05 7.669126e+02 3.074613e+02 8.489922e+02
