#E_pot  E_kin  T  P
-3.261071e-04 7.243388e+02 2.903931e+02 8.018619e+02
-2.958284e-04 7.969156e+02 3.194897e+02 8.822063e+02
-2.715169e-04 7.366179e+02 2.953159e+02 8.154552e+02
-2.547397e-04 7.308918e+02 2.930203e+02 8.091163e+02
-2.454935e-04 8.077327e+02 3.238264e+02 8.941811e+02
-2.580488e-04 7.858706e+02 3.150617e+02 8.699792e+02
-2.912018e-04 7.358683e+02 2.950154e+02 8.146253e+02
-3.304728e-04 7.032739e+02 2.819480e+02 7.785425e+02
-3.675218e-04 7.768546e+02 3.114471e+02 8.599983e+02
-3.818403e-04 7.735102e+02 3.101063e+02 8.562959e+02
-3.727448e-04 7.973799e+02 3.196759e+02 8.827203e+02
-3.794229e-04 8.247825e+02 3.306618e+02 9.130557e+02
-4.075605e-04 7.801605e+02 3.127725e+02 8.636580e+02
-4.385640e-04 7.725159e+02 3.097077e+02 8.551952e+02
-4.481200e-04 6.527477e+02 2.616917e+02 7.226087e+02
-4.188751e-04 6.611290e+02 2.650518e+02 7.318870e+02
-3.718266e-04 6.661549e+02 2.670667e+02 7.374509e+02
-3.615098e-04 7.343903e+02 2.944229e+02 8.129892e+02
-3.632516e-04 7.649629e+02 3.066796e+02 8.468338e+02
-3.467250e-04 7.256760e+02 2.909292e+02 8.033422e+02
-3.196581e-04 7.663226e+02 3.072248e+02 8.483391e+02
-2.827878e-04 7.504548e+02 3.008632e+02 8.307730e+02
-2.667450e-04 7.907931e+02 3.170352e+02 8.754286e+02
-2.740731e-04 7.801464e+02 3.127668e+02 8.636424e+02
-2.611532e-04 7.518823e+02 3.014355e+02 8.323533e+02
-2.346732e-04 7.972785e+02 3.196352e+02 8.826080e+02
-2.217167e-04 7.821210e+02 3.135584e+02 8.658283e+02
-2.200377e-04 6.948202e+02 2.785589e+02 7.691840e+02
-2.278301e-04 7.565011e+02 3.032872e+02 8.374665e+02
-2.343164e-04 7.266411e+02 2.913161e+02 8.044106e+02
-2.321240e-04 7.090951e+02 2.842818e+02 7.849867e+02
-2.300510e-04 7.267055e+02 2.913419e+02 8.044819e+02
-2.297101e-04 7.729151e+02 3.098677e+02 8.556372e+02
-2.356243e-04 7.458196e+02 2.990049e+02 8.256417e+02
-2.391086e-04 7.289387e+02 2.922372e+02 8.069541e+02
-2.408791e-04 6.477558e+02 2.596904e+02 7.170826e+02
-2.567130e-04 7.525576e+02 3.017062e+02 8.331008e+02
-2.727620e-04 7.881990e+02 3.159951e+02 8.725568e+02
-2.885234e-04 6.674714e+02 2.675945e+02 7.389082e+02
-2.891647e-04 6.765697e+02 2.712421e+02 7.489803e+02
-2.895364e-04 6.623401e+02 2.655373e+02 7.332277e+02
-2.944457e-04 7.168743e+02 2.874005e+02 7.935985e+02
-2.676991e-04 7.792427e+02 3.124045e+02 8.626419e+02
-2.386899e-04 7.143137e+02 2.863740e+02 7.907638e+02
-2.210785e-04 7.800389e+02 3.127237e+02 8.635234e+02
-2.102368e-04 7.817476e+02 3.134088e+02 8.654150e+02
-2.051275e-04 7.373529e+02 2.956106e+02 8.162689e+02
-2.047339e-04 7.173504e+02 2.875914e+02 7.941256e+02
-2.077566e-04 7.231304e+02 2.899086e+02 8.005241e+02
-2.185316e-04 7.350650e+02 2.946933e+02 8.137361e+02
-2.282146e-04 7.996596e+02 3.205898e+02 8.852440e+02
-2.241853e-04 7.582747e+02 3.039983e+02 8.394298e+02
-2.259416e-04 7.453663e+02 2.988232e+02 8.251399e+02
-2.253554e-04 8.835230e+02 3.542113e+02 9.780830e+02
-2.248310e-04 7.871728e+02 3.155838e+02 8.714208e+02
-2.328461e-04 8.342834e+02 3.344708e+02 9.235734e+02
-2.447892e-04 7.628350e+02 3.058265e+02 8.444782e+02
-2.579639e-04 7.513736e+02 3.012316e+02 8.317901e+02
-2.685276e-04 7.116321e+02 2.852989e+02 7.877953e+02
-2.819590e-04 7.963863e+02 3.192775e+02 8.816204e+02
-2.924466e-04 7.226625e+02 2.897211e+02 8.000062e+02
-3.075852e-04 6.670251e+02 2.674156e+02 7.384141e+02
-3.413722e-04 6.805463e+02 2.728364e+02 7.533825e+02
-3.698895e-04 7.467877e+02 2.993930e+02 8.267134e+02
-3.820709e-04 7.809163e+02 3.130755e+02 8.644947e+02
-3.860442e-04 7.493781e+02 3.004316e+02 8.295811e+02
-3.973414e-04 6.627335e+02 2.656950e+02 7.336632e+02
-3.837689e-04 7.032666e+02 2.819451e+02 7.785344e+02
-3.325215e-04 7.769177e+02 3.114724e+02 8.600681e+02
-3.189282e-04 8.179822e+02 3.279355e+02 9.055276e+02
-3.210875e-04 7.814309e+02 3.132818e+02 8.650644e+02
-3.085833e-04 7.800303e+02 3.127203e+02 8.635139e+02
-3.043875e-04 6.335069e+02 2.539779e+02 7.013086e+02
-3.269258e-04 6.610327e+02 2.650132e+02 7.317805e+02
-3.721964e-04 6.864897e+02 2.752191e+02 7.599620e+02
-4.172709e-04 7.405666e+02 2.968990e+02 8.198266e+02
-4.258998e-04 7.341755e+02 2.943367e+02 8.127513e+02
-4.198037e-04 7.300077e+02 2.926658e+02 8.081375e+02
-4.454408e-04 7.636307e+02 3.061455e+02 8.453591e+02
-4.757567e-04 8.268901e+02 3.315067e+02 9.153888e+02
-4.763793e-04 8.272974e+02 3.316700e+02 9.158398e+02
-4.253751e-04 7.294842e+02 2.924560e+02 8.075581e+02
-3.863040e-04 7.560452e+02 3.031045e+02 8.369617e+02
-3.519421e-04 7.169377e+02 2.874259e+02 7.936687e+02
-3.113554e-04 7.068110e+02 2.833661e+02 7.824582e+02
-2.929561e-04 7.470354e+02 2.994924e+02 8.269876e+02
-2.870858e-04 7.085653e+02 2.840694e+02 7.844002e+02
-2.977434e-04 8.565070e+02 3.433804e+02 9.481755e+02
-3.135868e-04 7.722241e+02 3.095907e+02 8.548722e+02
-3.178146e-04 7.814045e+02 3.132712e+02 8.650351e+02
-3.230492e-04 8.038758e+02 3.222801e+02 8.899114e+02
-3.423886e-04 7.967214e+02 3.194119e+02 8.819914e+02
-3.609829e-04 7.272321e+02 2.915531e+02 8.050649e+02
-3.729989e-04 7.528975e+02 3.018425e+02 8.334771e+02
-3.856645e-04 7.560746e+02 3.031162e+02 8.369943e+02
-4.003640e-04 7.812723e+02 3.132182e+02 8.648888e+02
-4.111399e-04 6.833853e+02 2.739745e+02 7.565253e+02
-4.024511e-04 7.904178e+02 3.168847e+02 8.750130e+02
-4.089706e-04 7.689817e+02 3.082908e+02 8.512827e+02
-4.412586e-04 7.514435e+02 3.012596e+02 8.318675e+02
-4.727512e-04 7.717341e+02 3.093943e+02 8.543298e+02
-5.095048e-04 7.073762e+02 2.835927e+02 7.830839e+02
-5.279321e-04 7.706186e+02 3.089470e+02 8.530949e+02
-5.168539e-04 7.627563e+02 3.057950e+02 8.443911e+02
-5.272720e-04 7.869878e+02 3.155096e+02 8.712159e+02
-5.470297e-04 7.716991e+02 3.093802e+02 8.542910e+02
-5.728857e-04 7.604710e+02 3.048788e+02 8.418612e+02
-6.151500e-04 7.061493e+02 2.831008e+02 7.817257e+02
-6.382081e-04 7.336243e+02 2.941157e+02 8.121412e+02
-6.283580e-04 7.151570e+02 2.867121e+02 7.916974e+02
-5.990069e-04 7.486138e+02 3.001251e+02 8.287350e+02
-5.723717e-04 6.701830e+02 2.686816e+02 7.419100e+02
-5.575955e-04 7.107233e+02 2.849346e+02 7.867892e+02
-5.314398e-04 6.422342e+02 2.574767e+02 7.109700e+02
-5.275544e-04 7.562325e+02 3.031796e+02 8.371691e+02
-5.515208e-04 7.642030e+02 3.063750e+02 8.459926e+02
-5.565014e-04 7.079183e+02 2.838100e+02 7.836840e+02
-5.723360e-04 6.957949e+02 2.789496e+02 7.702631e+02
-5.920490e-04 7.672325e+02 3.075895e+02 8.493464e+02
-5.911964e-04 6.905002e+02 2.768269e+02 7.644017e+02
-5.857161e-04 8.010842e+02 3.211609e+02 8.868210e+02
-5.423114e-04 7.124924e+02 2.856438e+02 7.887477e+02
-4.924547e-04 7.097572e+02 2.845472e+02 7.857197e+02
-4.710039e-04 8.096710e+02 3.246035e+02 8.963269e+02
-4.910439e-04 7.015561e+02 2.812594e+02 7.766409e+02
-5.080977e-04 7.648445e+02 3.066322e+02 8.467028e+02
-5.055453e-04 7.539352e+02 3.022586e+02 8.346260e+02
-5.218579e-04 7.887988e+02 3.162356e+02 8.732208e+02
-5.442040e-04 7.849303e+02 3.146847e+02 8.689383e+02
-6.040512e-04 7.858294e+02 3.150452e+02 8.699336e+02
-6.700756e-04 7.952253e+02 3.188121e+02 8.803351e+02
-6.880043e-04 7.933732e+02 3.180695e+02 8.782848e+02
-7.147068e-04 7.369505e+02 2.954493e+02 8.158235e+02
-7.533234e-04 7.299365e+02 2.926373e+02 8.080587e+02
-7.195152e-04 7.163895e+02 2.872062e+02 7.930619e+02
-7.097688e-04 8.181649e+02 3.280087e+02 9.057299e+02
-7.509228e-04 7.744823e+02 3.104960e+02 8.573721e+02
-7.584388e-04 6.831069e+02 2.738629e+02 7.562171e+02
-7.694929e-04 7.858803e+02 3.150656e+02 8.699900e+02
-7.243831e-04 8.124995e+02 3.257374e+02 8.994581e+02
-6.580964e-04 8.202105e+02 3.288288e+02 9.079944e+02
-6.280991e-04 7.483046e+02 3.000012e+02 8.283927e+02
-5.822424e-04 7.604387e+02 3.048658e+02 8.418254e+02
-5.555785e-04 7.318899e+02 2.934204e+02 8.102212e+02
-6.109033e-04 7.727990e+02 3.098212e+02 8.555086e+02
-7.020802e-04 6.950201e+02 2.786390e+02 7.694053e+02
-7.766929e-04 6.764645e+02 2.711999e+02 7.488638e+02
-8.280892e-04 7.186486e+02 2.881119e+02 7.955628e+02
-8.161331e-04 6.922467e+02 2.775271e+02 7.663352e+02
-8.181801e-04 8.189385e+02 3.283189e+02 9.065862e+02
-8.543612e-04 6.945402e+02 2.784466e+02 7.688741e+02
-8.474286e-04 7.439723e+02 2.982644e+02 8.235968e+02
-8.844614e-04 7.527109e+02 3.017677e+02 8.332705e+02
-9.407289e-04 7.260060e+02 2.910615e+02 8.037075e+02
-9.276039e-04 7.652792e+02 3.068064e+02 8.471840e+02
-9.519256e-04 7.428167e+02 2.978011e+02 8.223175e+02
-1.019525e-03 7.210888e+02 2.890902e+02 7.982641e+02
-1.061536e-03 7.218781e+02 2.894066e+02 7.991378e+02
-1.104471e-03 7.855070e+02 3.149159e+02 8.695767e+02
-1.215739e-03 7.968277e+02 3.194545e+02 8.821090e+02
-1.347866e-03 7.595611e+02 3.045140e+02 8.408540e+02
-1.289011e-03 7.204780e+02 2.888453e+02 7.975879e+02
-1.212124e-03 7.402832e+02 2.967854e+02 8.195128e+02
-1.165423e-03 7.371539e+02 2.955308e+02 8.160486e+02
-1.170811e-03 7.356934e+02 2.949453e+02 8.144318e+02
-1.264473e-03 7.624083e+02 3.056555e+02 8.440058e+02
-1.233249e-03 7.370817e+02 2.955018e+02 8.159686e+02
-1.166836e-03 7.425670e+02 2.977009e+02 8.220410e+02
-1.192226e-03 7.002635e+02 2.807411e+02 7.752099e+02
-1.389814e-03 7.482283e+02 2.999706e+02 8.283083e+02
-1.799272e-03 7.634817e+02 3.060858e+02 8.451942e+02
-2.127433e-03 7.670702e+02 3.075245e+02 8.491667e+02
-2.294983e-03 7.240498e+02 2.902772e+02 8.015419e+02
-2.162900e-03 7.432083e+02 2.979581e+02 8.227510e+02
-1.769708e-03 7.454432e+02 2.988541e+02 8.252251e+02
-1.407926e-03 7.685878e+02 3.081329e+02 8.508467e+02
-1.129520e-03 6.501134e+02 2.606356e+02 7.196925e+02
-1.044158e-03 7.531448e+02 3.019417e+02 8.337509e+02
-1.191083e-03 8.667607e+02 3.474912e+02 9.595266e+02
-1.403405e-03 7.371702e+02 2.955373e+02 8.160666e+02
-1.556361e-03 7.072161e+02 2.835285e+02 7.829067e+02
-1.757486e-03 7.855508e+02 3.149335e+02 8.696252e+02
-2.084385e-03 6.830748e+02 2.738501e+02 7.561816e+02
-2.196212e-03 7.869624e+02 3.154994e+02 8.711879e+02
-1.864464e-03 8.034850e+02 3.221235e+02 8.894789e+02
-1.563393e-03 7.411382e+02 2.971281e+02 8.204593e+02
-1.478727e-03 6.744565e+02 2.703949e+02 7.466409e+02
-1.625006e-03 7.187952e+02 2.881706e+02 7.957250e+02
-1.851286e-03 6.935156e+02 2.780359e+02 7.677399e+02
-2.061833e-03 7.472184e+02 2.995657e+02 8.271902e+02
-2.286603e-03 8.519894e+02 3.415692e+02 9.431744e+02
-2.935627e-03 7.544963e+02 3.024835e+02 8.352470e+02
-3.562661e-03 7.701041e+02 3.087408e+02 8.525253e+02
-3.192300e-03 7.980932e+02 3.199618e+02 8.835100e+02
-2.995508e-03 7.530644e+02 3.019094e+02 8.336619e+02
-2.908513e-03 7.807323e+02 3.130017e+02 8.642910e+02
-2.712752e-03 7.538279e+02 3.022155e+02 8.345072e+02
-2.676981e-03 8.242005e+02 3.304284e+02 9.124114e+02
-2.906165e-03 8.116300e+02 3.253888e+02 8.984955e+02
-3.572774e-03 7.639160e+02 3.062599e+02 8.456749e+02
-4.779852e-03 7.380660e+02 2.958965e+02 8.170583e+02
-5.236954e-03 7.554729e+02 3.028750e+02 8.363282e+02
-4.321993e-03 7.082397e+02 2.839389e+02 7.840398e+02
-3.904822e-03 7.383631e+02 2.960156e+02 8.173872e+02
-3.798993e-03 6.894354e+02 2.764000e+02 7.632229e+02
-3.397115e-03 7.255583e+02 2.908820e+02 8.032120e+02
-3.205775e-03 6.854533e+02 2.748036e+02 7.588146e+02
-2.854103e-03 7.418576e+02 2.974165e+02 8.212556e+02
-2.273426e-03 7.098224e+02 2.845734e+02 7.857919e+02
-2.112338e-03 7.405498e+02 2.968922e+02 8.198079e+02
-2.332120e-03 7.797547e+02 3.126098e+02 8.632088e+02
-2.752117e-03 8.529380e+02 3.419495e+02 9.442246e+02
-3.038662e-03 7.099613e+02 2.846291e+02 7.859457e+02
-3.079108e-03 7.579844e+02 3.038819e+02 8.391085e+02
-3.161012e-03 7.386458e+02 2.961289e+02 8.177001e+02
-3.739610e-03 7.383633e+02 2.960157e+02 8.173874e+02
-4.897396e-03 7.523189e+02 3.016105e+02 8.328366e+02
-7.138054e-03 7.195147e+02 2.884591e+02 7.965215e+02
-9.818213e-03 7.994066e+02 3.204884e+02 8.849639e+02
-1.189046e-02 7.823140e+02 3.136358e+02 8.660419e+02
-1.519827e-02 7.520610e+02 3.015072e+02 8.325511e+02
-1.781416e-02 6.891379e+02 2.762808e+02 7.628936e+02
-1.987639e-02 8.095834e+02 3.245683e+02 8.962299e+02
-1.855251e-02 7.928745e+02 3.178696e+02 8.777328e+02
-1.800769e-02 7.574223e+02 3.036565e+02 8.384862e+02
-1.710710e-02 8.053090e+02 3.228547e+02 8.914980e+02
-1.256117e-02 8.195664e+02 3.285706e+02 9.072814e+02
-9.646259e-03 7.897169e+02 3.166037e+02 8.742372e+02
-7.339735e-03 7.476634e+02 2.997441e+02 8.276828e+02
-6.700178e-03 7.131068e+02 2.858901e+02 7.894278e+02
-6.214443e-03 6.809544e+02 2.730000e+02 7.538343e+02
-5.056932e-03 7.313893e+02 2.932197e+02 8.096670e+02
-4.434131e-03 7.522882e+02 3.015983e+02 8.328027e+02
-4.173745e-03 6.754292e+02 2.707849e+02 7.477178e+02
-3.551572e-03 7.322070e+02 2.935475e+02 8.105722e+02
-2.935675e-03 7.810723e+02 3.131380e+02 8.646674e+02
-3.214174e-03 7.477374e+02 2.997738e+02 8.277648e+02
-3.648728e-03 7.020680e+02 2.814646e+02 7.772076e+02
-3.409886e-03 7.383361e+02 2.960048e+02 8.173573e+02
-3.409198e-03 7.460137e+02 2.990828e+02 8.258566e+02
-3.851339e-03 6.934847e+02 2.780235e+02 7.677056e+02
-3.530347e-03 7.319347e+02 2.934384e+02 8.102708e+02
-3.513778e-03 7.202245e+02 2.887436e+02 7.973072e+02
-4.562210e-03 7.311942e+02 2.931415e+02 8.094510e+02
-5.643708e-03 7.481385e+02 2.999346e+02 8.282088e+02
-6.775905e-03 7.747956e+02 3.106216e+02 8.577189e+02
-6.484581e-03 7.466454e+02 2.993360e+02 8.265559e+02
-5.607652e-03 8.224671e+02 3.297335e+02 9.104925e+02
-6.024694e-03 7.276107e+02 2.917048e+02 8.054840e+02
-7.313654e-03 7.280305e+02 2.918731e+02 8.059487e+02
-1.047490e-02 7.323555e+02 2.936071e+02 8.107366e+02
-1.426571e-02 7.115499e+02 2.852659e+02 7.877042e+02
-1.507038e-02 7.861992e+02 3.151934e+02 8.703430e+02
-1.486031e-02 7.238225e+02 2.901861e+02 8.012904e+02
-1.489665e-02 7.498943e+02 3.006385e+02 8.301525e+02
-1.675447e-02 6.914042e+02 2.771894e+02 7.654025e+02
-1.728242e-02 7.501499e+02 3.007410e+02 8.304355e+02
-1.522240e-02 7.163640e+02 2.871960e+02 7.930336e+02
-1.442178e-02 6.695602e+02 2.684319e+02 7.412206e+02
-1.594142e-02 7.237931e+02 2.901743e+02 8.012578e+02
-1.789573e-02 7.110188e+02 2.850530e+02 7.871163e+02
-1.531541e-02 7.336159e+02 2.941124e+02 8.121319e+02
-1.218024e-02 7.720216e+02 3.095095e+02 8.546480e+02
-1.328733e-02 7.501976e+02 3.007601e+02 8.304882e+02
-1.678779e-02 6.811423e+02 2.730753e+02 7.540423e+02
-2.077867e-02 7.076155e+02 2.836886e+02 7.833488e+02
-2.995793e-02 7.975917e+02 3.197608e+02 8.829548e+02
-3.847257e-02 7.306915e+02 2.929400e+02 8.088945e+02
-5.299196e-02 7.276499e+02 2.917205e+02 8.055273e+02
-7.355162e-02 8.161745e+02 3.272108e+02 9.035264e+02
-8.914611e-02 7.418804e+02 2.974257e+02 8.212809e+02
-8.970222e-02 7.293295e+02 2.923939e+02 8.073868e+02
-6.461450e-02 7.493004e+02 3.004004e+02 8.294951e+02
-6.714303e-02 7.265328e+02 2.912727e+02 8.042907e+02
-6.060263e-02 7.062807e+02 2.831535e+02 7.818711e+02
-4.745136e-02 7.551644e+02 3.027513e+02 8.359866e+02
-3.813532e-02 7.475051e+02 2.996807e+02 8.275077e+02
-2.188659e-02 7.263917e+02 2.912161e+02 8.041345e+02
-1.530639e-02 7.849872e+02 3.147075e+02 8.690013e+02
-1.515449e-02 7.037302e+02 2.821310e+02 7.790477e+02
-1.780541e-02 7.881702e+02 3.159836e+02 8.725249e+02
-1.978780e-02 7.607361e+02 3.049851e+02 8.421547e+02
-2.110979e-02 7.598054e+02 3.046119e+02 8.411243e+02
-2.268967e-02 7.578807e+02 3.038403e+02 8.389937e+02
-2.204364e-02 6.823257e+02 2.735497e+02 7.553524e+02
-1.941968e-02 7.091273e+02 2.842947e+02 7.850224e+02
-1.598716e-02 7.412737e+02 2.971825e+02 8.206093e+02
-1.442444e-02 7.704303e+02 3.088715e+02 8.528864e+02
-1.599806e-02 6.995370e+02 2.804499e+02 7.744057e+02
-1.742022e-02 6.812402e+02 2.731146e+02 7.541507e+02
-1.770076e-02 8.304773e+02 3.329449e+02 9.193600e+02
-2.081885e-02 8.010824e+02 3.211602e+02 8.868191e+02
-2.451280e-02 7.788441e+02 3.122447e+02 8.622007e+02
-2.022329e-02 7.613155e+02 3.052174e+02 8.427961e+02
-1.688861e-02 7.352895e+02 2.947833e+02 8.139846e+02
-1.896991e-02 7.438063e+02 2.981978e+02 8.234129e+02
-2.178322e-02 6.804876e+02 2.728128e+02 7.533175e+02
-3.507811e-02 7.820563e+02 3.135325e+02 8.657567e+02
-6.778619e-02 7.605359e+02 3.049048e+02 8.419330e+02
-9.448266e-02 7.372686e+02 2.955768e+02 8.161756e+02
-1.095680e-01 6.728290e+02 2.697424e+02 7.448392e+02
-1.190016e-01 6.825394e+02 2.736354e+02 7.555889e+02
-1.055863e-01 7.852476e+02 3.148119e+02 8.692896e+02
-1.071908e-01 7.557704e+02 3.029943e+02 8.366576e+02
-1.508471e-01 7.968892e+02 3.194791e+02 8.821771e+02
-2.247817e-01 7.066781e+02 2.833128e+02 7.823111e+02
-3.512873e-01 7.835840e+02 3.141450e+02 8.674479e+02
-6.238351e-01 7.145003e+02 2.864488e+02 7.909704e+02
-9.946180e-01 7.639612e+02 3.062781e+02 8.457250e+02
4.330901e+00 7.285854e+02 2.920956e+02 8.065630e+02
-9.584107e-01 8.443117e+02 3.384912e+02 9.346751e+02
-5.401882e-01 7.263627e+02 2.912045e+02 8.041024e+02
-4.945637e-01 7.293117e+02 2.923868e+02 8.073671e+02
-7.479089e-01 7.736305e+02 3.101545e+02 8.564291e+02
-9.750802e-01 7.482911e+02 2.999958e+02 8.283777e+02
-9.758280e-01 6.674001e+02 2.675660e+02 7.388293e+02
-3.474090e-01 7.641379e+02 3.063489e+02 8.459206e+02
-9.481487e-01 6.955577e+02 2.788545e+02 7.700005e+02
-4.800946e-01 7.911480e+02 3.171775e+02 8.758215e+02
-3.021902e-01 7.218490e+02 2.893949e+02 7.991057e+02
-3.052016e-01 6.812206e+02 2.731067e+02 7.541290e+02
-4.072710e-01 7.652077e+02 3.067778e+02 8.471048e+02
-5.671475e-01 7.684346e+02 3.080715e+02 8.506772e+02
-6.342850e-01 7.521597e+02 3.015467e+02 8.326604e+02
-5.188769e-01 7.832236e+02 3.140005e+02 8.670490e+02
-4.214028e-01 8.710845e+02 3.492246e+02 9.643132e+02
-3.246100e-01 6.881075e+02 2.758677e+02 7.617529e+02
-2.742338e-01 7.532361e+02 3.019783e+02 8.338520e+02
-3.280988e-01 7.576107e+02 3.037321e+02 8.386947e+02
-5.484860e-01 7.845230e+02 3.145214e+02 8.684874e+02
-7.440848e-01 7.033253e+02 2.819687e+02 7.785995e+02
-9.459541e-01 8.085462e+02 3.241525e+02 8.950817e+02
-4.117813e-01 8.114598e+02 3.253206e+02 8.983071e+02
8.439479e+00 7.504391e+02 3.008569e+02 8.307557e+02
-8.248892e-01 6.930448e+02 2.778471e+02 7.672186e+02
-5.653740e-01 7.996292e+02 3.205776e+02 8.852104e+02
-5.713282e-01 7.650573e+02 3.067175e+02 8.469384e+02
-9.560182e-01 7.776944e+02 3.117838e+02 8.609280e+02
-2.191127e-02 7.996809e+02 3.205984e+02 8.852676e+02
-9.850401e-01 7.647078e+02 3.065773e+02 8.465514e+02
-6.830472e-01 7.498632e+02 3.006260e+02 8.301180e+02
-4.589973e-01 7.508616e+02 3.010263e+02 8.312233e+02
-3.262606e-01 7.583914e+02 3.040451e+02 8.395591e+02
-1.970796e-01 7.319042e+02 2.934261e+02 8.102370e+02
-1.015487e-01 7.926577e+02 3.177827e+02 8.774927e+02
-6.662343e-02 7.190490e+02 2.882724e+02 7.960060e+02
-5.645499e-02 7.454560e+02 2.988592e+02 8.252392e+02
-4.150910e-02 7.245728e+02 2.904869e+02 8.021210e+02
-2.892676e-02 7.531555e+02 3.019459e+02 8.337627e+02
-2.079099e-02 7.893221e+02 3.164454e+02 8.738001e+02
-1.511398e-02 7.406296e+02 2.969242e+02 8.198962e+02
-1.134235e-02 7.156207e+02 2.868980e+02 7.922108e+02
-1.003389e-02 7.496482e+02 3.005398e+02 8.298800e+02
-7.824476e-03 7.302154e+02 2.927491e+02 8.083675e+02
-5.267861e-03 8.073272e+02 3.236638e+02 8.937322e+02
-3.879393e-03 7.678639e+02 3.078426e+02 8.500453e+02
-3.178189e-03 7.224851e+02 2.896500e+02 7.998099e+02
-2.567070e-03 7.357197e+02 2.949558e+02 8.144609e+02
-2.141476e-03 7.552866e+02 3.028003e+02 8.361219e+02
-1.965455e-03 7.449179e+02 2.986434e+02 8.246435e+02
-1.780946e-03 7.254903e+02 2.908548e+02 8.031367e+02
-1.586171e-03 7.223731e+02 2.896051e+02 7.996859e+02
-1.461925e-03 7.512804e+02 3.011942e+02 8.316869e+02
-1.309332e-03 7.379474e+02 2.958489e+02 8.169270e+02
-1.249564e-03 7.149898e+02 2.866450e+02 7.915123e+02
-1.428090e-03 7.943843e+02 3.184749e+02 8.794042e+02
-1.477707e-03 7.252984e+02 2.907778e+02 8.029242e+02
-1.337272e-03 7.572348e+02 3.035814e+02 8.382787e+02
-1.380857e-03 7.550214e+02 3.026940e+02 8.358284e+02
-1.487676e-03 7.147020e+02 2.865296e+02 7.911937e+02
-1.532107e-03 6.767453e+02 2.713125e+02 7.491746e+02
-1.351346e-03 7.772277e+02 3.115967e+02 8.604113e+02
-1.202096e-03 7.902360e+02 3.168118e+02 8.748118e+02
-1.178009e-03 7.198942e+02 2.886113e+02 7.969417e+02
-1.194407e-03 7.697082e+02 3.085821e+02 8.520870e+02
-1.135243e-03 7.538215e+02 3.022130e+02 8.345001e+02
-9.610711e-04 7.306536e+02 2.929248e+02 8.088525e+02
-8.012617e-04 7.556461e+02 3.029445e+02 8.365200e+02
-6.945746e-04 7.230019e+02 2.898571e+02 8.003819e+02
-6.264356e-04 7.482505e+02 2.999795e+02 8.283328e+02
-5.881655e-04 7.463076e+02 2.992006e+02 8.261820e+02
-6.040490e-04 7.797786e+02 3.126194e+02 8.632352e+02
-6.202457e-04 7.724796e+02 3.096931e+02 8.551551e+02
-6.402172e-04 7.056683e+02 2.829080e+02 7.811932e+02
-7.113589e-04 7.801661e+02 3.127747e+02 8.636642e+02
-8.025025e-04 7.246256e+02 2.905081e+02 8.021794e+02
-8.536612e-04 7.599103e+02 3.046540e+02 8.412405e+02
-9.214470e-04 7.108827e+02 2.849985e+02 7.869657e+02
-9.039034e-04 6.773883e+02 2.715703e+02 7.498865e+02
-7.968814e-04 7.215804e+02 2.892873e+02 7.988083e+02
-7.990371e-04 7.763649e+02 3.112508e+02 8.594562e+02
-8.184060e-04 7.207748e+02 2.889643e+02 7.979165e+02
-8.188748e-04 7.578454e+02 3.038262e+02 8.389546e+02
-8.420270e-04 7.852928e+02 3.148301e+02 8.693396e+02
-8.791144e-04 7.211648e+02 2.891206e+02 7.983483e+02
-8.500873e-04 7.391759e+02 2.963414e+02 8.182870e+02
-8.408772e-04 6.940621e+02 2.782549e+02 7.683448e+02
-8.678961e-04 8.034018e+02 3.220901e+02 8.893867e+02
-8.152712e-04 7.854820e+02 3.149059e+02 8.695490e+02
-8.182686e-04 7.336207e+02 2.941143e+02 8.121373e+02
-8.900230e-04 7.114526e+02 2.852269e+02 7.875966e+02
-9.516844e-04 7.538513e+02 3.022249e+02 8.345330e+02
-9.945712e-04 6.845753e+02 2.744516e+02 7.578427e+02
-9.500257e-04 8.073072e+02 3.236558e+02 8.937101e+02
-8.830477e-04 7.760102e+02 3.111086e+02 8.590635e+02
-7.674151e-04 6.804962e+02 2.728163e+02 7.533270e+02
-6.490270e-04 6.649772e+02 2.665946e+02 7.361471e+02
-6.433327e-04 7.496645e+02 3.005464e+02 8.298981e+02
-7.093187e-04 8.149047e+02 3.267017e+02 9.021207e+02
-7.869258e-04 7.286133e+02 2.921068e+02 8.065939e+02
-8.440486e-04 7.508456e+02 3.010199e+02 8.312056e+02
-9.613031e-04 7.776664e+02 3.117726e+02 8.608969e+02
-1.020910e-03 7.545020e+02 3.024858e+02 8.352534e+02
-1.034629e-03 7.113750e+02 2.851958e+02 7.875107e+02
-1.136174e-03 8.181529e+02 3.280039e+02 9.057165e+02
-1.277447e-03 8.349824e+02 3.347510e+02 9.243473e+02
-1.404445e-03 8.158027e+02 3.270617e+02 9.031148e+02
-1.483836e-03 7.622416e+02 3.055886e+02 8.438213e+02
-1.722725e-03 7.349549e+02 2.946492e+02 8.136143e+02
-2.084744e-03 8.170152e+02 3.275478e+02 9.044571e+02
-2.467741e-03 7.830289e+02 3.139224e+02 8.668334e+02
-3.011277e-03 7.111697e+02 2.851135e+02 7.872834e+02
-3.611182e-03 7.335790e+02 2.940976e+02 8.120911e+02
-3.575614e-03 8.059679e+02 3.231188e+02 8.922274e+02
-3.290410e-03 7.502839e+02 3.007947e+02 8.305838e+02
-3.114437e-03 7.136356e+02 2.861021e+02 7.900132e+02
-2.886127e-03 7.068701e+02 2.833898e+02 7.825237e+02
-2.771494e-03 7.891729e+02 3.163856e+02 8.736350e+02
-2.636190e-03 7.388438e+02 2.962083e+02 8.179193e+02
-2.508035e-03 7.097381e+02 2.845396e+02 7.856985e+02
-2.453358e-03 6.979402e+02 2.798097e+02 7.726380e+02
-2.470275e-03 7.192086e+02 2.883364e+02 7.961827e+02
-2.616569e-03 7.383789e+02 2.960219e+02 8.174047e+02
-2.931399e-03 7.165944e+02 2.872883e+02 7.932887e+02
-2.992469e-03 7.488335e+02 3.002132e+02 8.289782e+02
-2.673046e-03 7.884205e+02 3.160840e+02 8.728020e+02
-2.418641e-03 6.997741e+02 2.805449e+02 7.746682e+02
-2.622215e-03 7.743218e+02 3.104317e+02 8.571944e+02
-3.177267e-03 7.825428e+02 3.137276e+02 8.662953e+02
-3.354873e-03 7.726449e+02 3.097594e+02 8.553381e+02
-3.102190e-03 6.884868e+02 2.760197e+02 7.621728e+02
-3.225957e-03 6.840747e+02 2.742509e+02 7.572885e+02
-3.992608e-03 7.460113e+02 2.990818e+02 8.258539e+02
-5.063955e-03 7.169960e+02 2.874493e+02 7.937332e+02
-5.217804e-03 6.885197e+02 2.760329e+02 7.622092e+02
-5.711068e-03 7.419807e+02 2.974659e+02 8.213920e+02
-7.028412e-03 7.858390e+02 3.150490e+02 8.699443e+02
-7.853830e-03 7.017422e+02 2.813340e+02 7.768469e+02
-9.766871e-03 7.473653e+02 2.996246e+02 8.273529e+02
-1.401338e-02 7.518637e+02 3.014281e+02 8.323327e+02
-1.923428e-02 7.878849e+02 3.158693e+02 8.722091e+02
-1.923411e-02 7.990811e+02 3.203579e+02 8.846036e+02
-1.353288e-02 7.432572e+02 2.979777e+02 8.228051e+02
-1.076080e-02 7.655276e+02 3.069060e+02 8.474590e+02
-1.181705e-02 6.591545e+02 2.642602e+02 7.297012e+02
-1.355239e-02 7.272006e+02 2.915404e+02 8.050300e+02
-1.353310e-02 7.677312e+02 3.077895e+02 8.498984e+02
-1.281705e-02 8.436529e+02 3.382271e+02 9.339458e+02
-1.356161e-02 7.483513e+02 3.000199e+02 8.284444e+02
-1.557698e-02 8.168382e+02 3.274769e+02 9.042612e+02
-1.696320e-02 8.343211e+02 3.344859e+02 9.236152e+02
-1.834643e-02 7.639540e+02 3.062752e+02 8.457170e+02
-2.287875e-02 7.513056e+02 3.012043e+02 8.317149e+02
-2.573160e-02 8.158286e+02 3.270721e+02 9.031435e+02
-2.236692e-02 7.684170e+02 3.080644e+02 8.506576e+02
-1.653561e-02 7.470814e+02 2.995108e+02 8.270386e+02
-1.074850e-02 7.305322e+02 2.928761e+02 8.087181e+02
-7.740715e-03 7.348263e+02 2.945976e+02 8.134718e+02
-7.076736e-03 7.722667e+02 3.096078e+02 8.549194e+02
-7.187404e-03 7.760316e+02 3.111172e+02 8.590872e+02
-7.967612e-03 7.456736e+02 2.989464e+02 8.254801e+02
-9.036704e-03 7.267987e+02 2.913793e+02 8.045851e+02
-1.018749e-02 7.315793e+02 2.932959e+02 8.098774e+02
-1.090872e-02 7.185066e+02 2.880549e+02 7.954055e+02
-1.143110e-02 7.521912e+02 3.015594e+02 8.326952e+02
-1.354358e-02 7.509188e+02 3.010492e+02 8.312866e+02
-1.310383e-02 7.511679e+02 3.011491e+02 8.315625e+02
-1.105797e-02 7.520221e+02 3.014916e+02 8.325080e+02
-1.057271e-02 7.312347e+02 2.931577e+02 8.094959e+02
-9.167265e-03 7.493926e+02 3.004374e+02 8.295972e+02
-8.955450e-03 6.989182e+02 2.802018e+02 7.737207e+02
-8.432936e-03 7.105669e+02 2.848719e+02 7.866161e+02
-7.581927e-03 7.085008e+02 2.840435e+02 7.843288e+02
-8.429319e-03 7.134755e+02 2.860379e+02 7.898360e+02
-9.738940e-03 8.397659e+02 3.366687e+02 9.296427e+02
-1.164486e-02 8.222957e+02 3.296648e+02 9.103028e+02
-1.183037e-02 7.163335e+02 2.871837e+02 7.929998e+02
-1.148906e-02 6.860170e+02 2.750296e+02 7.594387e+02
-1.111393e-02 7.100764e+02 2.846752e+02 7.860730e+02
-9.607625e-03 7.458287e+02 2.990086e+02 8.256518e+02
-8.245865e-03 8.258563e+02 3.310923e+02 9.142444e+02
-7.913407e-03 7.955410e+02 3.189386e+02 8.806846e+02
-8.307278e-03 6.846228e+02 2.744707e+02 7.578953e+02
-8.546479e-03 7.363062e+02 2.951909e+02 8.151101e+02
-8.362347e-03 7.667004e+02 3.073762e+02 8.487573e+02
-8.153883e-03 7.666251e+02 3.073460e+02 8.486740e+02
-7.471982e-03 7.148886e+02 2.866045e+02 7.914003e+02
-5.568011e-03 7.604842e+02 3.048841e+02 8.418759e+02
-4.975039e-03 7.342183e+02 2.943539e+02 8.127988e+02
-5.222051e-03 7.144920e+02 2.864455e+02 7.909613e+02
-5.484105e-03 7.055969e+02 2.828793e+02 7.811141e+02
-6.887290e-03 7.493305e+02 3.004125e+02 8.295283e+02
-8.604642e-03 7.624383e+02 3.056675e+02 8.440391e+02
-9.361600e-03 7.116471e+02 2.853049e+02 7.878119e+02
-8.727894e-03 7.834841e+02 3.141049e+02 8.673373e+02
-8.064473e-03 7.489753e+02 3.002701e+02 8.291351e+02
-7.565996e-03 7.571816e+02 3.035601e+02 8.382198e+02
-7.267723e-03 7.289412e+02 2.922382e+02 8.069569e+02
-7.988753e-03 8.389316e+02 3.363342e+02 9.287191e+02
-8.863554e-03 7.412399e+02 2.971689e+02 8.205719e+02
-9.619666e-03 7.863420e+02 3.152507e+02 8.705010e+02
-1.105318e-02 7.832839e+02 3.140246e+02 8.671156e+02
-1.252900e-02 6.918823e+02 2.773810e+02 7.659317e+02
-1.449593e-02 7.440872e+02 2.983104e+02 8.237239e+02
-1.720159e-02 7.466430e+02 2.993350e+02 8.265533e+02
-1.935835e-02 7.472634e+02 2.995838e+02 8.272400e+02
-2.249354e-02 7.331647e+02 2.939315e+02 8.116324e+02
-3.003050e-02 7.536415e+02 3.021408e+02 8.343008e+02
-4.026495e-02 7.308023e+02 2.929844e+02 8.090172e+02
-5.921262e-02 7.562326e+02 3.031796e+02 8.371692e+02
-8.946030e-02 7.268383e+02 2.913952e+02 8.046289e+02
-1.015795e-01 7.840699e+02 3.143398e+02 8.679858e+02
-8.472131e-02 7.231189e+02 2.899041e+02 8.005115e+02
-6.411660e-02 7.071211e+02 2.834904e+02 7.828015e+02
-5.980563e-02 7.225725e+02 2.896850e+02 7.999066e+02
-6.145101e-02 7.700962e+02 3.087376e+02 8.525166e+02
-5.486786e-02 6.975980e+02 2.796725e+02 7.722592e+02
-5.990515e-02 6.970375e+02 2.794478e+02 7.716387e+02
-9.177991e-02 7.015521e+02 2.812578e+02 7.766365e+02
-1.402647e-01 7.056537e+02 2.829021e+02 7.811771e+02
-1.627590e-01 7.671904e+02 3.075726e+02 8.492997e+02
-1.381552e-01 7.915547e+02 3.173405e+02 8.762716e+02
-1.233621e-01 7.546997e+02 3.025650e+02 8.354722e+02
-1.402296e-01 7.056299e+02 2.828926e+02 7.811506e+02
-1.173986e-01 7.419825e+02 2.974666e+02 8.213940e+02
-7.003709e-02 7.621630e+02 3.055571e+02 8.437342e+02
-6.041520e-02 7.965871e+02 3.193580e+02 8.818427e+02
-7.546451e-02 7.512621e+02 3.011869e+02 8.316667e+02
-8.694179e-02 8.822028e+02 3.536820e+02 9.766215e+02
-7.871618e-02 7.254334e+02 2.908319e+02 8.030737e+02
-7.899593e-02 7.867937e+02 3.154318e+02 8.710011e+02
-7.846904e-02 7.559480e+02 3.030655e+02 8.368541e+02
-5.471897e-02 7.180474e+02 2.878709e+02 7.948972e+02
-4.021063e-02 7.329397e+02 2.938413e+02 8.113833e+02
-3.299429e-02 7.392787e+02 2.963826e+02 8.184008e+02
-3.348645e-02 7.493594e+02 3.004240e+02 8.295603e+02
-4.380322e-02 7.606604e+02 3.049547e+02 8.420708e+02
-6.076902e-02 7.791717e+02 3.123760e+02 8.625633e+02
-8.464222e-02 7.388677e+02 2.962179e+02 8.179458e+02
-1.294753e-01 6.513694e+02 2.611391e+02 7.210829e+02
-1.741415e-01 7.710422e+02 3.091169e+02 8.535638e+02
-1.219058e-01 7.683848e+02 3.080515e+02 8.506220e+02
-7.833552e-02 7.226562e+02 2.897185e+02 7.999992e+02
-7.068989e-02 7.149841e+02 2.866427e+02 7.915060e+02
-6.193430e-02 7.525350e+02 3.016972e+02 8.330758e+02
-6.705787e-02 7.002140e+02 2.807213e+02 7.751551e+02
-9.073869e-02 7.485223e+02 3.000885e+02 8.286337e+02
-1.185597e-01 7.598328e+02 3.046230e+02 8.411547e+02
-3.057460e-01 7.629188e+02 3.058601e+02 8.445709e+02
-9.259252e-01 7.027765e+02 2.817486e+02 7.779919e+02
-8.190261e-01 7.623325e+02 3.056251e+02 8.439219e+02
-9.882594e-01 7.489201e+02 3.002479e+02 8.290740e+02
-6.299468e-01 7.406860e+02 2.969468e+02 8.199587e+02
-4.852416e-01 7.879497e+02 3.158952e+02 8.722808e+02
-4.983805e-01 7.508687e+02 3.010292e+02 8.312312e+02
-5.843464e-01 7.935144e+02 3.181262e+02 8.784411e+02
-5.536363e-01 6.860856e+02 2.750571e+02 7.595147e+02
-4.707600e-01 8.118856e+02 3.254913e+02 8.987785e+02
-4.662412e-01 7.539557e+02 3.022667e+02 8.346486e+02
-5.644919e-01 7.495844e+02 3.005143e+02 8.298094e+02
-8.241903e-01 6.950874e+02 2.786660e+02 7.694799e+02
-9.555143e-01 7.371953e+02 2.955474e+02 8.160944e+02
-9.727073e-01 6.132258e+02 2.458470e+02 6.788569e+02
-9.986839e-01 7.079222e+02 2.838116e+02 7.836883e+02
-8.226424e-01 7.314740e+02 2.932537e+02 8.097608e+02
-6.631370e-01 7.868263e+02 3.154448e+02 8.710372e+02
-9.919641e-01 7.726814e+02 3.097740e+02 8.553785e+02
-5.213783e-01 7.851705e+02 3.147810e+02 8.692042e+02
-2.353560e-01 7.917720e+02 3.174276e+02 8.765123e+02
-1.390112e-01 7.691349e+02 3.083522e+02 8.514523e+02
-8.708609e-02 7.154549e+02 2.868315e+02 7.920272e+02
-7.024138e-02 7.398843e+02 2.966254e+02 8.190712e+02
-6.201864e-02 6.741654e+02 2.702782e+02 7.463186e+02
-6.924219e-02 6.974139e+02 2.795987e+02 7.720554e+02
-8.560156e-02 7.599986e+02 3.046894e+02 8.413382e+02
-7.193944e-02 8.276215e+02 3.318000e+02 9.161986e+02
-4.989609e-02 7.979651e+02 3.199105e+02 8.833682e+02
-3.897827e-02 6.994909e+02 2.804314e+02 7.743546e+02
-3.630664e-02 7.467967e+02 2.993966e+02 8.267234e+02
-3.723330e-02 8.145660e+02 3.265659e+02 9.017458e+02
-3.736490e-02 7.764621e+02 3.112898e+02 8.595638e+02
-3.664500e-02 7.706401e+02 3.089557e+02 8.531186e+02
-4.594318e-02 7.438780e+02 2.982265e+02 8.234924e+02
-5.946780e-02 7.436070e+02 2.981179e+02 8.231923e+02
-7.377946e-02 8.165764e+02 3.273719e+02 9.039714e+02
-8.899979e-02 7.665012e+02 3.072963e+02 8.485368e+02
-7.655504e-02 8.019844e+02 3.215218e+02 8.878176e+02
-7.305997e-02 6.811356e+02 2.730726e+02 7.540349e+02
-7.645329e-02 7.071747e+02 2.835119e+02 7.828608e+02
-6.830592e-02 7.615748e+02 3.053213e+02 8.430831e+02
-5.489320e-02 7.902471e+02 3.168163e+02 8.748241e+02
-4.674409e-02 7.092615e+02 2.843485e+02 7.851710e+02
-4.293997e-02 7.491269e+02 3.003309e+02 8.293030e+02
-3.756347e-02 7.084282e+02 2.840144e+02 7.842485e+02
-2.945970e-02 7.450895e+02 2.987122e+02 8.248335e+02
-2.326617e-02 6.550829e+02 2.626279e+02 7.251938e+02
-1.987726e-02 7.625637e+02 3.057178e+02 8.441778e+02
-1.497471e-02 7.688140e+02 3.082236e+02 8.510971e+02
-1.249579e-02 8.017719e+02 3.214366e+02 8.875823e+02
-1.517938e-02 7.401952e+02 2.967501e+02 8.194153e+02
-1.909567e-02 6.714378e+02 2.691847e+02 7.432992e+02
-1.623117e-02 7.076072e+02 2.836853e+02 7.833396e+02
-1.147831e-02 7.437996e+02 2.981951e+02 8.234056e+02
-8.844996e-03 7.243424e+02 2.903945e+02 8.018659e+02
-7.000973e-03 7.660827e+02 3.071286e+02 8.480735e+02
-7.252769e-03 7.248218e+02 2.905867e+02 8.023966e+02
-9.896448e-03 8.048237e+02 3.226601e+02 8.909608e+02
-1.182814e-02 8.126342e+02 3.257914e+02 8.996073e+02
-1.653114e-02 7.912420e+02 3.172151e+02 8.759255e+02
-2.473532e-02 8.259956e+02 3.311481e+02 9.143986e+02
-2.482843e-02 7.834485e+02 3.140907e+02 8.672979e+02
-2.259952e-02 7.304581e+02 2.928464e+02 8.086362e+02
-2.463299e-02 7.307850e+02 2.929775e+02 8.089981e+02
-3.049879e-02 7.776957e+02 3.117843e+02 8.609294e+02
-3.383149e-02 7.600245e+02 3.046998e+02 8.413669e+02
-4.489086e-02 7.749941e+02 3.107012e+02 8.579386e+02
-6.023838e-02 7.362711e+02 2.951769e+02 8.150713e+02
-5.036292e-02 7.706978e+02 3.089788e+02 8.531825e+02
-4.112502e-02 6.798360e+02 2.725516e+02 7.525961e+02
-4.734915e-02 7.491976e+02 3.003592e+02 8.293812e+02
-5.821179e-02 7.710828e+02 3.091332e+02 8.536088e+02
-5.114162e-02 7.317055e+02 2.933465e+02 8.100170e+02
-4.711652e-02 7.030756e+02 2.818685e+02 7.783229e+02
-5.252525e-02 7.701056e+02 3.087414e+02 8.525269e+02
-5.990618e-02 7.094816e+02 2.844367e+02 7.854146e+02
-6.138253e-02 7.733486e+02 3.100415e+02 8.561170e+02
-4.595886e-02 7.675528e+02 3.077179e+02 8.497009e+02
-3.187778e-02 7.970614e+02 3.195482e+02 8.823677e+02
-2.608916e-02 7.598817e+02 3.046426e+02 8.412089e+02
-2.621759e-02 6.995004e+02 2.804352e+02 7.743652e+02
-2.581274e-02 7.498076e+02 3.006038e+02 8.300566e+02
-1.969252e-02 7.583316e+02 3.040211e+02 8.394928e+02
-1.559490e-02 7.109679e+02 2.850326e+02 7.870599e+02
-1.651571e-02 7.582420e+02 3.039852e+02 8.393937e+02
-2.380077e-02 8.087027e+02 3.242153e+02 8.952549e+02
-3.051366e-02 7.713212e+02 3.092287e+02 8.538726e+02
-2.827271e-02 7.459981e+02 2.990765e+02 8.258393e+02
-2.690486e-02 7.241830e+02 2.903307e+02 8.016895e+02
-2.209042e-02 7.779670e+02 3.118931e+02 8.612297e+02
-1.658839e-02 7.378524e+02 2.958108e+02 8.168219e+02
-1.477956e-02 7.644308e+02 3.064663e+02 8.462448e+02
-1.423465e-02 7.738783e+02 3.102539e+02 8.567034e+02
-1.635267e-02 6.555137e+02 2.628006e+02 7.256707e+02
-1.741055e-02 7.241954e+02 2.903356e+02 8.017032e+02
-1.635626e-02 7.902325e+02 3.168104e+02 8.748080e+02
-1.611483e-02 6.978694e+02 2.797813e+02 7.725596e+02
-1.224882e-02 7.188613e+02 2.881971e+02 7.957981e+02
-1.005698e-02 7.451485e+02 2.987359e+02 8.248988e+02
-1.216088e-02 7.573060e+02 3.036099e+02 8.383575e+02
-1.422489e-02 7.800563e+02 3.127307e+02 8.635426e+02
-1.165656e-02 7.867040e+02 3.153958e+02 8.709018e+02
-8.679734e-03 7.330761e+02 2.938960e+02 8.115343e+02
-7.785550e-03 7.731609e+02 3.099663e+02 8.559093e+02
-7.279747e-03 7.867749e+02 3.154242e+02 8.709803e+02
-7.170146e-03 7.485798e+02 3.001115e+02 8.286973e+02
-8.145356e-03 8.219874e+02 3.295412e+02 9.099615e+02
-9.065419e-03 6.822539e+02 2.735209e+02 7.552728e+02
-1.089914e-02 7.401272e+02 2.967228e+02 8.193401e+02
-1.190548e-02 7.177905e+02 2.877678e+02 7.946127e+02
-1.284865e-02 7.277912e+02 2.917772e+02 8.056838e+02
-1.536705e-02 7.460600e+02 2.991013e+02 8.259078e+02
-2.060330e-02 6.725196e+02 2.696184e+02 7.444967e+02
-2.815185e-02 7.427145e+02 2.977601e+02 8.222043e+02
-3.952099e-02 7.794325e+02 3.124806e+02 8.628521e+02
-5.063749e-02 7.153073e+02 2.867723e+02 7.918638e+02
-4.654045e-02 7.473444e+02 2.996162e+02 8.273297e+02
-5.135185e-02 7.121722e+02 2.855154e+02 7.883932e+02
-7.281011e-02 7.343565e+02 2.944093e+02 8.129518e+02
-1.031797e-01 7.962672e+02 3.192298e+02 8.814885e+02
-1.090663e-01 7.955898e+02 3.189582e+02 8.807387e+02
-8.737631e-02 7.574711e+02 3.036761e+02 8.385403e+02
-7.211482e-02 8.248347e+02 3.306827e+02 9.131135e+02
-5.797824e-02 7.610670e+02 3.051177e+02 8.425210e+02
-5.534269e-02 7.511957e+02 3.011603e+02 8.315932e+02
-5.390664e-02 7.873236e+02 3.156442e+02 8.715878e+02
-4.677370e-02 7.055585e+02 2.828639e+02 7.810716e+02
-4.665401e-02 7.343348e+02 2.944006e+02 8.129277e+02
-4.762316e-02 7.532451e+02 3.019819e+02 8.338619e+02
-5.303516e-02 7.456669e+02 2.989437e+02 8.254726e+02
-6.363517e-02 7.764807e+02 3.112972e+02 8.595844e+02
-7.347757e-02 7.100334e+02 2.846580e+02 7.860255e+02
-5.955525e-02 6.656495e+02 2.668641e+02 7.368913e+02
-5.504606e-02 7.472000e+02 2.995584e+02 8.271699e+02
-6.481163e-02 7.452978e+02 2.987957e+02 8.250640e+02
-6.467543e-02 6.717845e+02 2.693237e+02 7.436829e+02
-5.968525e-02 7.127205e+02 2.857353e+02 7.890002e+02
-6.536603e-02 7.794005e+02 3.124678e+02 8.628166e+02
-7.191625e-02 7.636330e+02 3.061465e+02 8.453616e+02
-7.689743e-02 7.704779e+02 3.088906e+02 8.529391e+02
-1.142620e-01 7.458832e+02 2.990304e+02 8.257122e+02
-1.335085e-01 7.676358e+02 3.077512e+02 8.497928e+02
-9.953999e-02 6.259283e+02 2.509396e+02 6.929189e+02
-8.736293e-02 7.386683e+02 2.961379e+02 8.177250e+02
-8.164372e-02 7.364501e+02 2.952486e+02 8.152694e+02
-6.077105e-02 8.775842e+02 3.518304e+02 9.715085e+02
-5.146537e-02 7.157268e+02 2.869405e+02 7.923282e+02
-4.786693e-02 8.348759e+02 3.347083e+02 9.242294e+02
-4.617905e-02 7.924802e+02 3.177115e+02 8.772962e+02
-5.313147e-02 8.239653e+02 3.303342e+02 9.121511e+02
-5.999481e-02 7.928307e+02 3.178521e+02 8.776842e+02
-5.578767e-02 8.000617e+02 3.207510e+02 8.856891e+02
-5.885428e-02 7.079332e+02 2.838160e+02 7.837005e+02
-7.583463e-02 7.846346e+02 3.145662e+02 8.686109e+02
-8.665745e-02 8.010131e+02 3.211324e+02 8.867424e+02
-9.375713e-02 8.067551e+02 3.234345e+02 8.930989e+02
-8.287656e-02 8.527905e+02 3.418904e+02 9.440613e+02
-5.721187e-02 7.033500e+02 2.819785e+02 7.786267e+02
-4.990469e-02 7.764699e+02 3.112929e+02 8.595724e+02
-5.030426e-02 7.757978e+02 3.110234e+02 8.588283e+02
-4.178191e-02 7.130989e+02 2.858869e+02 7.894191e+02
-2.991044e-02 7.061577e+02 2.831042e+02 7.817349e+02
-2.217175e-02 7.061004e+02 2.830812e+02 7.816715e+02
-2.020488e-02 8.041466e+02 3.223887e+02 8.902113e+02
-2.124760e-02 7.759381e+02 3.110797e+02 8.589836e+02
-2.571613e-02 7.484233e+02 3.000488e+02 8.285241e+02
-3.259208e-02 7.101584e+02 2.847081e+02 7.861638e+02
-3.783940e-02 7.722318e+02 3.095938e+02 8.548807e+02
-3.746180e-02 7.764599e+02 3.112889e+02 8.595613e+02
-3.187499e-02 8.009320e+02 3.210999e+02 8.866526e+02
-2.260497e-02 7.220936e+02 2.894930e+02 7.993765e+02
-1.721388e-02 8.119084e+02 3.255004e+02 8.988037e+02
-1.506061e-02 7.615648e+02 3.053173e+02 8.430720e+02
-1.429253e-02 7.351099e+02 2.947113e+02 8.137858e+02
-1.346321e-02 7.834340e+02 3.140848e+02 8.672818e+02
-1.130895e-02 7.372658e+02 2.955756e+02 8.161724e+02
-9.759100e-03 8.175318e+02 3.277549e+02 9.050290e+02
-9.528142e-03 7.892843e+02 3.164303e+02 8.737583e+02
-1.052746e-02 6.706633e+02 2.688742e+02 7.424417e+02
-1.194602e-02 7.369575e+02 2.954520e+02 8.158311e+02
-1.524407e-02 7.602575e+02 3.047932e+02 8.416248e+02
-2.214597e-02 7.991397e+02 3.203814e+02 8.846684e+02
-2.558141e-02 7.281755e+02 2.919313e+02 8.061093e+02
-2.234169e-02 7.472418e+02 2.995751e+02 8.272161e+02
-2.295506e-02 8.045248e+02 3.225403e+02 8.906299e+02
-3.354638e-02 7.450651e+02 2.987024e+02 8.248064e+02
-5.775659e-02 7.534653e+02 3.020702e+02 8.341057e+02
-7.174821e-02 6.886442e+02 2.760829e+02 7.623471e+02
-5.643385e-02 7.648243e+02 3.066241e+02 8.466804e+02
-4.941878e-02 7.308524e+02 2.930045e+02 8.090727e+02
-4.948063e-02 7.380482e+02 2.958893e+02 8.170385e+02
-4.967718e-02 7.480396e+02 2.998949e+02 8.280993e+02
-5.022709e-02 7.704018e+02 3.088601e+02 8.528549e+02
-5.293244e-02 6.804861e+02 2.728122e+02 7.533158e+02
-4.480716e-02 7.265944e+02 2.912974e+02 8.043589e+02
-3.587909e-02 7.319604e+02 2.934487e+02 8.102992e+02
-3.318328e-02 7.109724e+02 2.850344e+02 7.870649e+02
-3.501609e-02 7.157225e+02 2.869388e+02 7.923234e+02
-3.367181e-02 7.279774e+02 2.918518e+02 8.058899e+02
-3.093176e-02 7.002351e+02 2.807297e+02 7.751785e+02
-3.523794e-02 7.307056e+02 2.929456e+02 8.089101e+02
-3.860487e-02 7.587784e+02 3.042002e+02 8.399875e+02
-3.651262e-02 7.483059e+02 3.000017e+02 8.283941e+02
-2.676514e-02 6.896295e+02 2.764779e+02 7.634378e+02
-1.890721e-02 7.197820e+02 2.885663e+02 7.968174e+02
-1.412280e-02 7.983523e+02 3.200657e+02 8.837968e+02
-1.349603e-02 7.571898e+02 3.035633e+02 8.382288e+02
-1.477019e-02 7.220682e+02 2.894828e+02 7.993483e+02
-1.498642e-02 7.290752e+02 2.922920e+02 8.071053e+02
-1.404885e-02 7.899111e+02 3.166816e+02 8.744522e+02
-9.899867e-03 7.200952e+02 2.886918e+02 7.971641e+02
-7.587836e-03 7.736021e+02 3.101431e+02 8.563977e+02
-7.308052e-03 6.956163e+02 2.788780e+02 7.700653e+02
-6.893257e-03 6.420539e+02 2.574045e+02 7.107704e+02
-6.013864e-03 7.384577e+02 2.960535e+02 8.174920e+02
-4.967878e-03 7.554397e+02 3.028617e+02 8.362914e+02
-4.074223e-03 7.339415e+02 2.942429e+02 8.124923e+02
-3.396964e-03 7.298003e+02 2.925827e+02 8.079080e+02
-2.904584e-03 7.583917e+02 3.040452e+02 8.395593e+02
-2.534973e-03 7.408370e+02 2.970074e+02 8.201259e+02
-2.477026e-03 6.938751e+02 2.781800e+02 7.681378e+02
-2.995288e-03 7.349835e+02 2.946607e+02 8.136459e+02
-3.673108e-03 8.202607e+02 3.288490e+02 9.080500e+02
-3.585201e-03 7.532311e+02 3.019763e+02 8.338465e+02
-3.328934e-03 7.473176e+02 2.996055e+02 8.273000e+02
-3.440921e-03 7.511044e+02 3.011236e+02 8.314921e+02
-3.523034e-03 7.317095e+02 2.933481e+02 8.100215e+02
-3.434465e-03 7.442788e+02 2.983872e+02 8.239361e+02
-3.123525e-03 7.004358e+02 2.808102e+02 7.754006e+02
-2.946082e-03 7.671527e+02 3.075575e+02 8.492580e+02
-2.775447e-03 8.301363e+02 3.328082e+02 9.189826e+02
-2.885432e-03 7.293493e+02 2.924019e+02 8.074087e+02
-3.257994e-03 7.512109e+02 3.011663e+02 8.316100e+02
-3.476574e-03 7.674103e+02 3.076608e+02 8.495431e+02
-3.561118e-03 8.112272e+02 3.252274e+02 8.980497e+02
-3.238301e-03 8.156781e+02 3.270117e+02 9.029769e+02
-3.455511e-03 7.837951e+02 3.142296e+02 8.676815e+02
-4.310568e-03 6.733877e+02 2.699664e+02 7.454577e+02
-4.645856e-03 7.147005e+02 2.865290e+02 7.911921e+02
-4.518696e-03 7.739235e+02 3.102720e+02 8.567535e+02
-4.474045e-03 8.112394e+02 3.252322e+02 8.980632e+02
-4.052078e-03 7.306860e+02 2.929377e+02 8.088884e+02
-3.502843e-03 7.702093e+02 3.087829e+02 8.526417e+02
-3.387322e-03 7.380778e+02 2.959012e+02 8.170714e+02
-3.177258e-03 7.322402e+02 2.935609e+02 8.106090e+02
-2.780328e-03 6.952977e+02 2.787503e+02 7.697127e+02
-2.642514e-03 7.890541e+02 3.163380e+02 8.735034e+02
-2.792943e-03 8.047143e+02 3.226163e+02 8.908397e+02
-2.735748e-03 7.488071e+02 3.002026e+02 8.289489e+02
-2.317379e-03 7.445538e+02 2.984975e+02 8.242404e+02
-2.142409e-03 7.890425e+02 3.163333e+02 8.734906e+02
-2.300512e-03 8.233912e+02 3.301040e+02 9.115155e+02
-2.457410e-03 7.476365e+02 2.997334e+02 8.276531e+02
-2.325707e-03 7.927007e+02 3.177999e+02 8.775403e+02
-2.075921e-03 7.730437e+02 3.099193e+02 8.557795e+02
-1.793376e-03 7.535228e+02 3.020932e+02 8.341694e+02
-1.539911e-03 6.554809e+02 2.627874e+02 7.256344e+02
-1.543333e-03 7.222500e+02 2.895557e+02 7.995496e+02
-1.604750e-03 7.499183e+02 3.006481e+02 8.301791e+02
-1.464116e-03 8.134437e+02 3.261160e+02 9.005034e+02
-1.308197e-03 8.132022e+02 3.260191e+02 9.002360e+02
-1.207090e-03 7.729167e+02 3.098684e+02 8.556389e+02
-1.131893e-03 6.707298e+02 2.689009e+02 7.425154e+02
-1.045455e-03 7.347086e+02 2.945504e+02 8.133415e+02
-9.127748e-04 7.607615e+02 3.049953e+02 8.421828e+02
-8.487558e-04 7.734286e+02 3.100736e+02 8.562056e+02
-9.196543e-04 7.674341e+02 3.076704e+02 8.495696e+02
-1.011360e-03 7.733047e+02 3.100239e+02 8.560684e+02
-1.065903e-03 7.400439e+02 2.966894e+02 8.192479e+02
-1.085354e-03 7.307025e+02 2.929444e+02 8.089067e+02
-1.041149e-03 6.885465e+02 2.760437e+02 7.622390e+02
-9.995508e-04 7.404622e+02 2.968571e+02 8.197109e+02
-9.485849e-04 7.457372e+02 2.989719e+02 8.255505e+02
-8.682262e-04 7.271429e+02 2.915173e+02 8.049662e+02
-7.844048e-04 6.989672e+02 2.802214e+02 7.737748e+02
-6.863356e-04 7.679420e+02 3.078740e+02 8.501318e+02
-5.584664e-04 6.985844e+02 2.800680e+02 7.733512e+02
-4.776953e-04 7.973605e+02 3.196681e+02 8.826988e+02
-4.363810e-04 7.576412e+02 3.037443e+02 8.387285e+02
-3.849909e-04 8.314758e+02 3.333452e+02 9.204654e+02
-3.494014e-04 7.593235e+02 3.044187e+02 8.405909e+02
-3.462625e-04 7.350513e+02 2.946878e+02 8.137209e+02
-3.590401e-04 7.932184e+02 3.180075e+02 8.781134e+02
-3.597495e-04 8.350817e+02 3.347908e+02 9.244572e+02
-3.544971e-04 8.054288e+02 3.229027e+02 8.916306e+02
-3.486499e-04 7.796595e+02 3.125716e+02 8.631034e+02
-3.545222e-04 7.594189e+02 3.044570e+02 8.406965e+02
-3.524552e-04 7.159023e+02 2.870108e+02 7.925225e+02
-3.373954e-04 7.042129e+02 2.823245e+02 7.795820e+02
-3.310737e-04 7.322530e+02 2.935660e+02 8.106231e+02
-3.262137e-04 7.072071e+02 2.835249e+02 7.828967e+02
-3.176467e-04 7.813689e+02 3.132569e+02 8.649957e+02
-3.211539e-04 8.099654e+02 3.247215e+02 8.966528e+02
-3.377295e-04 8.151160e+02 3.267864e+02 9.023547e+02
-3.490959e-04 7.142392e+02 2.863441e+02 7.906814e+02
-3.577406e-04 7.630511e+02 3.059132e+02 8.447174e+02
-3.663905e-04 8.817697e+02 3.535084e+02 9.761421e+02
-4.092631e-04 7.853450e+02 3.148510e+02 8.693973e+02
-4.596860e-04 7.763179e+02 3.112319e+02 8.594041e+02
-5.036218e-04 7.832616e+02 3.140157e+02 8.670910e+02
-5.543238e-04 7.498034e+02 3.006021e+02 8.300519e+02
-5.505181e-04 7.413328e+02 2.972062e+02 8.206748e+02
-5.170843e-04 7.625011e+02 3.056927e+02 8.441086e+02
-4.939307e-04 7.253629e+02 2.908037e+02 8.029957e+02
-4.898826e-04 7.058670e+02 2.829876e+02 7.814132e+02
-4.817842e-04 7.214772e+02 2.892459e+02 7.986941e+02
-4.607990e-04 6.715335e+02 2.692230e+02 7.434050e+02
-4.530014e-04 7.504483e+02 3.008606e+02 8.307659e+02
-4.369802e-04 7.074212e+02 2.836107e+02 7.831337e+02
-4.017325e-04 7.808187e+02 3.130363e+02 8.643866e+02
-3.712103e-04 7.223234e+02 2.895851e+02 7.996308e+02
-3.594909e-04 7.469100e+02 2.994421e+02 8.268488e+02
-3.399678e-04 7.015384e+02 2.812523e+02 7.766213e+02
-3.207466e-04 7.014063e+02 2.811993e+02 7.764751e+02
-3.336902e-04 7.467713e+02 2.993865e+02 8.266953e+02
-3.354108e-04 7.300893e+02 2.926985e+02 8.082279e+02
-3.139249e-04 7.136352e+02 2.861020e+02 7.900128e+02
-2.857555e-04 7.403021e+02 2.967929e+02 8.195338e+02
-2.626873e-04 7.194594e+02 2.884369e+02 7.964603e+02
-2.596093e-04 6.750510e+02 2.706332e+02 7.472990e+02
-2.836738e-04 7.385965e+02 2.961091e+02 8.176456e+02
-3.077284e-04 7.224219e+02 2.896246e+02 7.997398e+02
-3.157663e-04 7.835024e+02 3.141123e+02 8.673576e+02
-3.465294e-04 8.019030e+02 3.214892e+02 8.877275e+02
-4.059434e-04 7.358851e+02 2.950221e+02 8.146440e+02
-4.691244e-04 7.258676e+02 2.910060e+02 8.035543e+02
-5.247115e-04 6.951820e+02 2.787039e+02 7.695846e+02
-5.738570e-04 7.624726e+02 3.056813e+02 8.440770e+02
-6.110425e-04 6.909007e+02 2.769875e+02 7.648451e+02
-6.073573e-04 7.212120e+02 2.891396e+02 7.984005e+02
-6.298009e-04 6.434687e+02 2.579717e+02 7.123366e+02
-6.903328e-04 7.349038e+02 2.946287e+02 8.135576e+02
-6.821768e-04 7.996609e+02 3.205903e+02 8.852454e+02
-5.540551e-04 7.600515e+02 3.047106e+02 8.413968e+02
-4.164381e-04 7.915376e+02 3.173336e+02 8.762527e+02
-3.826890e-04 7.389447e+02 2.962487e+02 8.180310e+02
-3.883868e-04 8.147456e+02 3.266379e+02 9.019446e+02
-4.023577e-04 7.531328e+02 3.019369e+02 8.337376e+02
-4.094109e-04 7.639873e+02 3.062885e+02 8.457538e+02
-3.977316e-04 7.869742e+02 3.155041e+02 8.712009e+02
-3.506088e-04 7.810331e+02 3.131223e+02 8.646240e+02
-2.642002e-04 7.586977e+02 3.041679e+02 8.398981e+02
-2.084420e-04 7.577432e+02 3.037852e+02 8.388415e+02
-1.739039e-04 8.468068e+02 3.394915e+02 9.374372e+02
-1.583307e-04 8.134191e+02 3.261061e+02 9.004761e+02
-1.533620e-04 7.322758e+02 2.935751e+02 8.106484e+02
-1.546191e-04 7.576385e+02 3.037432e+02 8.387256e+02
-1.693967e-04 7.686139e+02 3.081434e+02 8.508756e+02
-1.746551e-04 7.435214e+02 2.980836e+02 8.230975e+02
-1.778705e-04 7.380150e+02 2.958760e+02 8.170018e+02
-1.811410e-04 7.600090e+02 3.046936e+02 8.413497e+02
-1.813120e-04 7.285302e+02 2.920735e+02 8.065019e+02
-1.938348e-04 8.232340e+02 3.300410e+02 9.113415e+02
-2.155143e-04 6.498330e+02 2.605231e+02 7.193820e+02
-2.166035e-04 7.232230e+02 2.899458e+02 8.006267e+02
-2.093626e-04 8.041260e+02 3.223804e+02 8.901885e+02
-2.209443e-04 6.812709e+02 2.731268e+02 7.541846e+02
-2.317557e-04 7.777535e+02 3.118075e+02 8.609934e+02
-2.269450e-04 7.772261e+02 3.115960e+02 8.604095e+02
-2.056945e-04 7.844836e+02 3.145057e+02 8.684438e+02
-1.862637e-04 7.321411e+02 2.935211e+02 8.104993e+02
-1.876210e-04 7.469914e+02 2.994747e+02 8.269389e+02
-1.959273e-04 7.880138e+02 3.159209e+02 8.723518e+02
-2.042037e-04 8.272929e+02 3.316682e+02 9.158347e+02
-2.122399e-04 7.893736e+02 3.164661e+02 8.738571e+02
-2.114416e-04 6.860023e+02 2.750237e+02 7.594225e+02
-2.153922e-04 7.133519e+02 2.859884e+02 7.896991e+02
-2.114231e-04 7.553687e+02 3.028332e+02 8.362128e+02
-1.950241e-04 7.470255e+02 2.994884e+02 8.269767e+02
-1.911159e-04 7.889885e+02 3.163117e+02 8.734308e+02
-2.049470e-04 8.955656e+02 3.590393e+02 9.914145e+02
-2.254556e-04 7.515220e+02 3.012911e+02 8.319544e+02
-2.427596e-04 7.702709e+02 3.088076e+02 8.527099e+02
-2.458814e-04 7.097415e+02 2.845409e+02 7.857023e+02
-2.306943e-04 7.418719e+02 2.974223e+02 8.212715e+02
-2.388219e-04 6.766267e+02 2.712650e+02 7.490434e+02
-2.848637e-04 7.349497e+02 2.946471e+02 8.136085e+02
-3.103560e-04 7.707718e+02 3.090085e+02 8.532645e+02
-2.975284e-04 8.248483e+02 3.306881e+02 9.131285e+02
-3.097064e-04 8.030731e+02 3.219583e+02 8.890229e+02
-3.554319e-04 7.928010e+02 3.178401e+02 8.776513e+02
-3.803864e-04 7.690720e+02 3.083270e+02 8.513827e+02
-3.588839e-04 7.663056e+02 3.072179e+02 8.483203e+02
-3.433473e-04 7.321354e+02 2.935188e+02 8.104929e+02
-3.842323e-04 8.067335e+02 3.234258e+02 8.930750e+02
-4.230920e-04 7.516583e+02 3.013457e+02 8.321053e+02
-4.243385e-04 7.777431e+02 3.118033e+02 8.609819e+02
-4.318601e-04 7.120033e+02 2.854477e+02 7.882062e+02
-3.985137e-04 7.087666e+02 2.841501e+02 7.846230e+02
-3.551570e-04 7.161596e+02 2.871140e+02 7.928074e+02
-3.357097e-04 6.975696e+02 2.796611e+02 7.722277e+02
-3.005430e-04 7.697758e+02 3.086092e+02 8.521618e+02
-2.537726e-04 7.406267e+02 2.969231e+02 8.198931e+02
-2.239639e-04 7.480650e+02 2.999051e+02 8.281274e+02
-2.061045e-04 7.463503e+02 2.992177e+02 8.262292e+02
-2.038161e-04 7.464262e+02 2.992481e+02 8.263132e+02
-2.051782e-04 7.800765e+02 3.127388e+02 8.635650e+02
-1.919367e-04 7.816728e+02 3.133787e+02 8.653321e+02
-1.780017e-04 7.231804e+02 2.899287e+02 8.005795e+02
-1.706526e-04 8.348326e+02 3.346909e+02 9.241814e+02
-1.650752e-04 7.069828e+02 2.834350e+02 7.826484e+02
-1.518107e-04 7.168275e+02 2.873818e+02 7.935467e+02
-1.456477e-04 7.681689e+02 3.079649e+02 8.503830e+02
-1.475072e-04 7.190986e+02 2.882923e+02 7.960609e+02
-1.469193e-04 6.932230e+02 2.779185e+02 7.674159e+02
-1.456421e-04 7.690287e+02 3.083096e+02 8.513348e+02
-1.535778e-04 7.548524e+02 3.026262e+02 8.356412e+02
-1.839934e-04 8.124465e+02 3.257162e+02 8.993994e+02
-2.219413e-04 6.897677e+02 2.765333e+02 7.635908e+02
-2.435895e-04 7.813129e+02 3.132345e+02 8.649337e+02
-2.462890e-04 7.810614e+02 3.131336e+02 8.646553e+02
-2.396747e-04 7.372711e+02 2.955778e+02 8.161783e+02
-2.359739e-04 7.605239e+02 3.049000e+02 8.419198e+02
-2.468850e-04 7.378838e+02 2.958234e+02 8.168566e+02
-2.580062e-04 7.425023e+02 2.976750e+02 8.219694e+02
-2.572000e-04 7.937049e+02 3.182025e+02 8.786520e+02
-2.626891e-04 7.482684e+02 2.999867e+02 8.283526e+02
-2.603685e-04 7.122666e+02 2.855533e+02 7.884977e+02
-2.512568e-04 7.641101e+02 3.063377e+02 8.458898e+02
-2.489444e-04 7.759665e+02 3.110911e+02 8.590152e+02
-2.480890e-04 7.708063e+02 3.090223e+02 8.533026e+02
-2.453665e-04 6.637997e+02 2.661225e+02 7.348435e+02
-2.396380e-04 8.416955e+02 3.374423e+02 9.317788e+02
-2.314629e-04 6.859875e+02 2.750178e+02 7.594060e+02
-2.226868e-04 7.112988e+02 2.851653e+02 7.874263e+02
-2.048198e-04 7.454521e+02 2.988576e+02 8.252349e+02
-1.820889e-04 7.412062e+02 2.971554e+02 8.205346e+02
-1.767248e-04 7.321482e+02 2.935240e+02 8.105072e+02
-1.866009e-04 7.212859e+02 2.891692e+02 7.984823e+02
-1.890126e-04 7.237225e+02 2.901460e+02 8.011797e+02
-1.811074e-04 7.482475e+02 2.999783e+02 8.283294e+02
-1.733466e-04 7.736880e+02 3.101776e+02 8.564928e+02
-1.627417e-04 7.493342e+02 3.004139e+02 8.295324e+02
-1.505299e-04 6.627217e+02 2.656903e+02 7.336502e+02
-1.441627e-04 7.384031e+02 2.960316e+02 8.174315e+02
-1.460955e-04 8.487532e+02 3.402718e+02 9.395919e+02
-1.506372e-04 7.187897e+02 2.881684e+02 7.957189e+02
-1.429726e-04 7.774091e+02 3.116694e+02 8.606121e+02
-1.393448e-04 7.045677e+02 2.824667e+02 7.799748e+02
-1.405313e-04 6.939927e+02 2.782271e+02 7.682680e+02
-1.381831e-04 7.340002e+02 2.942664e+02 8.125573e+02
-1.460324e-04 7.089090e+02 2.842072e+02 7.847807e+02
