#E_pot  E_kin  T  P
-3.261071e-04 7.243388e+02 2.903931e+02 8.018619e+02
-3.050183e-04 7.243671e+02 2.904045e+02 8.018933e+02
-2.811188e-04 7.243855e+02 2.904118e+02 8.019136e+02
-2.557758e-04 7.243959e+02 2.904160e+02 8.019251e+02
-2.301936e-04 7.243843e+02 2.904114e+02 8.019123e+02
-2.053392e-04 7.243558e+02 2.903999e+02 8.018807e+02
-1.819078e-04 7.243713e+02 2.904061e+02 8.018979e+02
-1.603384e-04 7.243732e+02 2.904069e+02 8.019000e+02
-1.408559e-04 7.243547e+02 2.903995e+02 8.018795e+02
-1.235197e-04 7.243602e+02 2.904017e+02 8.018856e+02
-1.082746e-04 7.243208e+02 2.903859e+02 8.018420e+02
-9.499380e-05 7.243079e+02 2.903807e+02 8.018278e+02
-8.350666e-05 7.242833e+02 2.903709e+02 8.018005e+02
-7.362269e-05 7.242625e+02 2.903625e+02 8.017775e+02
-6.514978e-05 7.242265e+02 2.903481e+02 8.017376e+02
-5.790544e-05 7.242513e+02 2.903580e+02 8.017650e+02
-5.172323e-05 7.242608e+02 2.903618e+02 8.017755e+02
-4.645450e-05 7.242779e+02 2.903687e+02 8.017945e+02
-4.196748e-05 7.242992e+02 2.903772e+02 8.018180e+02
-3.814775e-05 7.243303e+02 2.903897e+02 8.018526e+02
-3.489782e-05 7.243101e+02 2.903816e+02 8.018301e+02
-3.213442e-05 7.243236e+02 2.903870e+02 8.018451e+02
-2.978675e-05 7.242979e+02 2.903767e+02 8.018167e+02
-2.779534e-05 7.243167e+02 2.903842e+02 8.018374e+02
-2.610949e-05 7.242716e+02 2.903662e+02 8.017876e+02
-2.468689e-05 7.242791e+02 2.903692e+02 8.017958e+02
-2.349240e-05 7.242354e+02 2.903517e+02 8.017475e+02
-2.249625e-05 7.242548e+02 2.903594e+02 8.017689e+02
-2.167371e-05 7.242643e+02 2.903632e+02 8.017794e+02
-2.100411e-05 7.242170e+02 2.903443e+02 8.017271e+02
-2.047017e-05 7.242025e+02 2.903385e+02 8.017110e+02
-2.005746e-05 7.241639e+02 2.903230e+02 8.016683e+02
-1.975375e-05 7.241392e+02 2.903131e+02 8.016410e+02
-1.954901e-05 7.241552e+02 2.903195e+02 8.016586e+02
-1.943492e-05 7.241169e+02 2.903041e+02 8.016162e+02
-1.940469e-05 7.240686e+02 2.902848e+02 8.015628e+02
-1.945276e-05 7.240908e+02 2.902937e+02 8.015874e+02
-1.957469e-05 7.241124e+02 2.903023e+02 8.016112e+02
-1.976664e-05 7.241323e+02 2.903103e+02 8.016333e+02
-2.002530e-05 7.241411e+02 2.903138e+02 8.016430e+02
-2.034875e-05 7.241651e+02 2.903235e+02 8.016697e+02
-2.073537e-05 7.241842e+02 2.903311e+02 8.016908e+02
-2.118358e-05 7.242195e+02 2.903453e+02 8.017298e+02
-2.169275e-05 7.241884e+02 2.903328e+02 8.016954e+02
-2.226267e-05 7.241848e+02 2.903314e+02 8.016914e+02
-2.289284e-05 7.242400e+02 2.903535e+02 8.017525e+02
-2.358327e-05 7.242164e+02 2.903440e+02 8.017264e+02
-2.433488e-05 7.242100e+02 2.903415e+02 8.017194e+02
-2.514854e-05 7.241966e+02 2.903361e+02 8.017045e+02
-2.602520e-05 7.242043e+02 2.903392e+02 8.017130e+02
-2.696615e-05 7.241835e+02 2.903308e+02 8.016899e+02
-2.797256e-05 7.241418e+02 2.903142e+02 8.016439e+02
-2.904575e-05 7.241068e+02 2.903001e+02 8.016051e+02
-3.018769e-05 7.240934e+02 2.902947e+02 8.015903e+02
-3.139969e-05 7.241040e+02 2.902990e+02 8.016020e+02
-3.268370e-05 7.240917e+02 2.902940e+02 8.015883e+02
-3.404260e-05 7.241412e+02 2.903139e+02 8.016431e+02
-3.547904e-05 7.241377e+02 2.903125e+02 8.016393e+02
-3.699602e-05 7.241138e+02 2.903029e+02 8.016128e+02
-3.859641e-05 7.241119e+02 2.903021e+02 8.016107e+02
-4.028274e-05 7.241110e+02 2.903018e+02 8.016097e+02
-4.205734e-05 7.241196e+02 2.903052e+02 8.016192e+02
-4.392420e-05 7.241496e+02 2.903173e+02 8.016525e+02
-4.588772e-05 7.241440e+02 2.903150e+02 8.016462e+02
-4.795190e-05 7.241595e+02 2.903212e+02 8.016634e+02
-5.012116e-05 7.241643e+02 2.903232e+02 8.016688e+02
-5.240134e-05 7.241814e+02 2.903300e+02 8.016876e+02
-5.479831e-05 7.241955e+02 2.903357e+02 8.017033e+02
-5.731781e-05 7.241873e+02 2.903324e+02 8.016942e+02
-5.996792e-05 7.241572e+02 2.903203e+02 8.016608e+02
-6.275688e-05 7.241489e+02 2.903170e+02 8.016517e+02
-6.569494e-05 7.241924e+02 2.903344e+02 8.016998e+02
-6.879406e-05 7.241989e+02 2.903370e+02 8.017071e+02
-7.206801e-05 7.242134e+02 2.903428e+02 8.017231e+02
-7.553159e-05 7.242351e+02 2.903515e+02 8.017471e+02
-7.919975e-05 7.242527e+02 2.903586e+02 8.017666e+02
-8.309064e-05 7.242426e+02 2.903546e+02 8.017554e+02
-8.722665e-05 7.242382e+02 2.903528e+02 8.017505e+02
-9.163136e-05 7.242545e+02 2.903593e+02 8.017686e+02
-9.632846e-05 7.243014e+02 2.903781e+02 8.018205e+02
-1.013449e-04 7.243449e+02 2.903956e+02 8.018687e+02
-1.067116e-04 7.243332e+02 2.903909e+02 8.018558e+02
-1.124610e-04 7.243569e+02 2.904004e+02 8.018820e+02
-1.186230e-04 7.243772e+02 2.904085e+02 8.019044e+02
-1.252257e-04 7.243687e+02 2.904051e+02 8.018950e+02
-1.322966e-04 7.243161e+02 2.903840e+02 8.018368e+02
-1.398601e-04 7.243072e+02 2.903805e+02 8.018270e+02
-1.479354e-04 7.243074e+02 2.903805e+02 8.018272e+02
-1.565329e-04 7.243232e+02 2.903868e+02 8.018446e+02
-1.656484e-04 7.243007e+02 2.903778e+02 8.018197e+02
-1.752618e-04 7.243505e+02 2.903978e+02 8.018749e+02
-1.853416e-04 7.243129e+02 2.903827e+02 8.018333e+02
-1.958389e-04 7.243513e+02 2.903981e+02 8.018757e+02
-2.066701e-04 7.243459e+02 2.903959e+02 8.018697e+02
-2.177338e-04 7.243548e+02 2.903995e+02 8.018796e+02
-2.288945e-04 7.243824e+02 2.904106e+02 8.019102e+02
-2.399833e-04 7.243896e+02 2.904135e+02 8.019182e+02
-2.508275e-04 7.243523e+02 2.903985e+02 8.018769e+02
-2.612221e-04 7.243499e+02 2.903976e+02 8.018742e+02
-2.709408e-04 7.243698e+02 2.904055e+02 8.018962e+02
-2.797495e-04 7.244147e+02 2.904235e+02 8.019459e+02
-2.874264e-04 7.244422e+02 2.904346e+02 8.019764e+02
-2.937603e-04 7.244074e+02 2.904206e+02 8.019378e+02
-2.985629e-04 7.244097e+02 2.904215e+02 8.019404e+02
-3.016722e-04 7.244448e+02 2.904356e+02 8.019792e+02
-3.029572e-04 7.244324e+02 2.904306e+02 8.019655e+02
-3.023703e-04 7.244462e+02 2.904362e+02 8.019808e+02
-2.999237e-04 7.244189e+02 2.904252e+02 8.019505e+02
-2.956705e-04 7.244415e+02 2.904343e+02 8.019756e+02
-2.897182e-04 7.244622e+02 2.904426e+02 8.019985e+02
-2.822223e-04 7.244869e+02 2.904525e+02 8.020258e+02
-2.733770e-04 7.244997e+02 2.904576e+02 8.020401e+02
-2.634019e-04 7.245113e+02 2.904623e+02 8.020529e+02
-2.525256e-04 7.244854e+02 2.904519e+02 8.020242e+02
-2.409969e-04 7.244864e+02 2.904523e+02 8.020254e+02
-2.290502e-04 7.245390e+02 2.904734e+02 8.020835e+02
-2.168990e-04 7.245415e+02 2.904744e+02 8.020863e+02
-2.047435e-04 7.245045e+02 2.904596e+02 8.020454e+02
-1.927532e-04 7.245194e+02 2.904655e+02 8.020618e+02
-1.810702e-04 7.244877e+02 2.904528e+02 8.020268e+02
-1.698087e-04 7.245144e+02 2.904635e+02 8.020564e+02
-1.590523e-04 7.244950e+02 2.904557e+02 8.020349e+02
-1.488562e-04 7.245105e+02 2.904619e+02 8.020520e+02
-1.392555e-04 7.245033e+02 2.904591e+02 8.020441e+02
-1.302716e-04 7.245433e+02 2.904751e+02 8.020883e+02
-1.219089e-04 7.245676e+02 2.904848e+02 8.021152e+02
-1.141564e-04 7.246300e+02 2.905099e+02 8.021843e+02
-1.069936e-04 7.246184e+02 2.905052e+02 8.021715e+02
-1.003925e-04 7.246146e+02 2.905037e+02 8.021672e+02
-9.432117e-05 7.246450e+02 2.905159e+02 8.022009e+02
-8.874539e-05 7.246594e+02 2.905217e+02 8.022169e+02
-8.363062e-05 7.246678e+02 2.905250e+02 8.022261e+02
-7.894086e-05 7.246685e+02 2.905253e+02 8.022269e+02
-7.463943e-05 7.246872e+02 2.905328e+02 8.022476e+02
-7.069152e-05 7.246627e+02 2.905230e+02 8.022204e+02
-6.706426e-05 7.246919e+02 2.905347e+02 8.022528e+02
-6.372682e-05 7.247226e+02 2.905470e+02 8.022868e+02
-6.064983e-05 7.247243e+02 2.905476e+02 8.022886e+02
-5.780725e-05 7.247021e+02 2.905388e+02 8.022641e+02
-5.517712e-05 7.247662e+02 2.905644e+02 8.023350e+02
-5.273908e-05 7.247768e+02 2.905687e+02 8.023468e+02
-5.047386e-05 7.247246e+02 2.905478e+02 8.022891e+02
-4.836441e-05 7.247438e+02 2.905555e+02 8.023103e+02
-4.639526e-05 7.247218e+02 2.905467e+02 8.022859e+02
-4.455254e-05 7.247029e+02 2.905391e+02 8.022650e+02
-4.282498e-05 7.246921e+02 2.905348e+02 8.022531e+02
-4.120227e-05 7.246811e+02 2.905304e+02 8.022409e+02
-3.967499e-05 7.246701e+02 2.905259e+02 8.022286e+02
-3.823551e-05 7.246883e+02 2.905332e+02 8.022488e+02
-3.687714e-05 7.247056e+02 2.905402e+02 8.022679e+02
-3.559419e-05 7.247472e+02 2.905568e+02 8.023140e+02
-3.438118e-05 7.247097e+02 2.905418e+02 8.022725e+02
-3.323321e-05 7.246804e+02 2.905301e+02 8.022401e+02
-3.214657e-05 7.247183e+02 2.905452e+02 8.022820e+02
-3.111767e-05 7.247482e+02 2.905572e+02 8.023151e+02
-3.014360e-05 7.247066e+02 2.905406e+02 8.022691e+02
-2.922170e-05 7.247335e+02 2.905513e+02 8.022989e+02
-2.834954e-05 7.246928e+02 2.905350e+02 8.022538e+02
-2.752529e-05 7.247485e+02 2.905574e+02 8.023155e+02
-2.674731e-05 7.247573e+02 2.905609e+02 8.023252e+02
-2.601394e-05 7.247418e+02 2.905547e+02 8.023080e+02
-2.532351e-05 7.247174e+02 2.905449e+02 8.022810e+02
-2.467475e-05 7.247545e+02 2.905598e+02 8.023221e+02
-2.406674e-05 7.247332e+02 2.905512e+02 8.022985e+02
-2.349836e-05 7.247268e+02 2.905487e+02 8.022915e+02
-2.296854e-05 7.247160e+02 2.905443e+02 8.022795e+02
-2.247636e-05 7.247441e+02 2.905556e+02 8.023106e+02
-2.202089e-05 7.247010e+02 2.905383e+02 8.022629e+02
-2.160124e-05 7.247241e+02 2.905476e+02 8.022885e+02
-2.121638e-05 7.247116e+02 2.905426e+02 8.022746e+02
-2.086557e-05 7.247275e+02 2.905489e+02 8.022922e+02
-2.054814e-05 7.246980e+02 2.905371e+02 8.022595e+02
-2.026298e-05 7.247053e+02 2.905400e+02 8.022676e+02
-2.000934e-05 7.246917e+02 2.905346e+02 8.022526e+02
-1.978639e-05 7.246588e+02 2.905214e+02 8.022162e+02
-1.959314e-05 7.246136e+02 2.905033e+02 8.021661e+02
-1.942867e-05 7.246229e+02 2.905070e+02 8.021764e+02
-1.929187e-05 7.246121e+02 2.905027e+02 8.021644e+02
-1.918183e-05 7.246390e+02 2.905135e+02 8.021943e+02
-1.909763e-05 7.246462e+02 2.905164e+02 8.022023e+02
-1.903806e-05 7.246536e+02 2.905193e+02 8.022105e+02
-1.900229e-05 7.246127e+02 2.905029e+02 8.021651e+02
-1.898931e-05 7.245868e+02 2.904925e+02 8.021365e+02
-1.899764e-05 7.246021e+02 2.904987e+02 8.021534e+02
-1.902621e-05 7.246085e+02 2.905012e+02 8.021605e+02
-1.907401e-05 7.246480e+02 2.905171e+02 8.022042e+02
-1.913972e-05 7.246351e+02 2.905119e+02 8.021899e+02
-1.922215e-05 7.245915e+02 2.904944e+02 8.021417e+02
-1.931988e-05 7.245580e+02 2.904810e+02 8.021046e+02
-1.943151e-05 7.245049e+02 2.904597e+02 8.020457e+02
-1.955564e-05 7.245130e+02 2.904630e+02 8.020548e+02
-1.969085e-05 7.245228e+02 2.904669e+02 8.020656e+02
-1.983582e-05 7.245328e+02 2.904709e+02 8.020767e+02
-1.998910e-05 7.245646e+02 2.904836e+02 8.021119e+02
-2.014891e-05 7.245514e+02 2.904783e+02 8.020973e+02
-2.031385e-05 7.245653e+02 2.904839e+02 8.021127e+02
-2.048270e-05 7.245539e+02 2.904793e+02 8.021000e+02
-2.065393e-05 7.245549e+02 2.904798e+02 8.021012e+02
-2.082572e-05 7.246129e+02 2.905030e+02 8.021653e+02
-2.099685e-05 7.246210e+02 2.905062e+02 8.021743e+02
-2.116687e-05 7.246333e+02 2.905112e+02 8.021880e+02
-2.133469e-05 7.246446e+02 2.905157e+02 8.022004e+02
-2.149918e-05 7.246023e+02 2.904987e+02 8.021536e+02
-2.165945e-05 7.246067e+02 2.905005e+02 8.021585e+02
-2.181443e-05 7.245691e+02 2.904855e+02 8.021169e+02
-2.196329e-05 7.245953e+02 2.904959e+02 8.021458e+02
-2.210543e-05 7.245291e+02 2.904694e+02 8.020726e+02
-2.224040e-05 7.245123e+02 2.904627e+02 8.020540e+02
-2.236808e-05 7.244995e+02 2.904575e+02 8.020398e+02
-2.248855e-05 7.245080e+02 2.904609e+02 8.020492e+02
-2.260156e-05 7.245086e+02 2.904612e+02 8.020498e+02
-2.270737e-05 7.245463e+02 2.904763e+02 8.020916e+02
-2.280632e-05 7.245303e+02 2.904699e+02 8.020739e+02
-2.289851e-05 7.245141e+02 2.904634e+02 8.020560e+02
-2.298435e-05 7.245121e+02 2.904626e+02 8.020538e+02
-2.306427e-05 7.245348e+02 2.904717e+02 8.020789e+02
-2.313886e-05 7.245559e+02 2.904801e+02 8.021022e+02
-2.320885e-05 7.245404e+02 2.904739e+02 8.020851e+02
-2.327517e-05 7.245377e+02 2.904728e+02 8.020821e+02
-2.333866e-05 7.244622e+02 2.904426e+02 8.019985e+02
-2.339981e-05 7.244649e+02 2.904437e+02 8.020015e+02
-2.345943e-05 7.244676e+02 2.904448e+02 8.020045e+02
-2.351874e-05 7.244714e+02 2.904463e+02 8.020087e+02
-2.357903e-05 7.244877e+02 2.904528e+02 8.020267e+02
-2.364145e-05 7.244934e+02 2.904551e+02 8.020330e+02
-2.370697e-05 7.244744e+02 2.904475e+02 8.020120e+02
-2.377635e-05 7.245001e+02 2.904578e+02 8.020405e+02
-2.385070e-05 7.245227e+02 2.904668e+02 8.020655e+02
-2.393140e-05 7.245509e+02 2.904781e+02 8.020967e+02
-2.401929e-05 7.245398e+02 2.904737e+02 8.020844e+02
-2.411497e-05 7.245649e+02 2.904838e+02 8.021122e+02
-2.421961e-05 7.245601e+02 2.904818e+02 8.021069e+02
-2.433471e-05 7.245096e+02 2.904616e+02 8.020510e+02
-2.446062e-05 7.244732e+02 2.904470e+02 8.020107e+02
-2.459778e-05 7.244986e+02 2.904572e+02 8.020388e+02
-2.474670e-05 7.244726e+02 2.904468e+02 8.020100e+02
-2.490719e-05 7.244724e+02 2.904467e+02 8.020098e+02
-2.507978e-05 7.244808e+02 2.904501e+02 8.020192e+02
-2.526512e-05 7.244152e+02 2.904238e+02 8.019465e+02
-2.546292e-05 7.244126e+02 2.904227e+02 8.019436e+02
-2.567277e-05 7.243675e+02 2.904046e+02 8.018937e+02
-2.589419e-05 7.244452e+02 2.904358e+02 8.019797e+02
-2.612659e-05 7.244925e+02 2.904547e+02 8.020321e+02
-2.636920e-05 7.244634e+02 2.904431e+02 8.019998e+02
-2.662186e-05 7.244411e+02 2.904341e+02 8.019752e+02
-2.688378e-05 7.244574e+02 2.904407e+02 8.019932e+02
-2.715285e-05 7.244186e+02 2.904251e+02 8.019503e+02
-2.742772e-05 7.244459e+02 2.904360e+02 8.019805e+02
-2.770683e-05 7.244541e+02 2.904393e+02 8.019895e+02
-2.798849e-05 7.244187e+02 2.904251e+02 8.019504e+02
-2.827094e-05 7.244620e+02 2.904425e+02 8.019983e+02
-2.855196e-05 7.244539e+02 2.904393e+02 8.019894e+02
-2.882930e-05 7.244731e+02 2.904470e+02 8.020106e+02
-2.910136e-05 7.244779e+02 2.904489e+02 8.020159e+02
-2.936604e-05 7.244628e+02 2.904428e+02 8.019992e+02
-2.962007e-05 7.244757e+02 2.904480e+02 8.020135e+02
-2.986088e-05 7.244995e+02 2.904575e+02 8.020398e+02
-3.008691e-05 7.244889e+02 2.904533e+02 8.020280e+02
-3.029634e-05 7.244785e+02 2.904491e+02 8.020166e+02
-3.048675e-05 7.244888e+02 2.904532e+02 8.020279e+02
-3.065678e-05 7.244605e+02 2.904419e+02 8.019967e+02
-3.080621e-05 7.244369e+02 2.904324e+02 8.019705e+02
-3.093427e-05 7.244909e+02 2.904541e+02 8.020303e+02
-3.103996e-05 7.245194e+02 2.904655e+02 8.020619e+02
-3.112397e-05 7.244978e+02 2.904569e+02 8.020379e+02
-3.118813e-05 7.245399e+02 2.904737e+02 8.020846e+02
-3.123387e-05 7.245295e+02 2.904696e+02 8.020730e+02
-3.126359e-05 7.245244e+02 2.904675e+02 8.020673e+02
-3.128098e-05 7.244990e+02 2.904573e+02 8.020392e+02
-3.129035e-05 7.245068e+02 2.904605e+02 8.020479e+02
-3.129749e-05 7.244719e+02 2.904465e+02 8.020093e+02
-3.131009e-05 7.244775e+02 2.904487e+02 8.020155e+02
-3.133624e-05 7.244656e+02 2.904439e+02 8.020023e+02
-3.138596e-05 7.244571e+02 2.904405e+02 8.019928e+02
-3.147100e-05 7.244948e+02 2.904556e+02 8.020346e+02
-3.160412e-05 7.244874e+02 2.904527e+02 8.020265e+02
-3.179996e-05 7.244833e+02 2.904511e+02 8.020219e+02
-3.207474e-05 7.244804e+02 2.904499e+02 8.020187e+02
-3.244879e-05 7.244744e+02 2.904475e+02 8.020121e+02
-3.294540e-05 7.244424e+02 2.904347e+02 8.019766e+02
-3.358993e-05 7.244063e+02 2.904202e+02 8.019366e+02
-3.441069e-05 7.243751e+02 2.904077e+02 8.019021e+02
-3.544021e-05 7.243444e+02 2.903954e+02 8.018681e+02
-3.671567e-05 7.243257e+02 2.903879e+02 8.018474e+02
-3.827866e-05 7.243542e+02 2.903993e+02 8.018790e+02
-4.017601e-05 7.243809e+02 2.904100e+02 8.019085e+02
-4.246026e-05 7.243639e+02 2.904032e+02 8.018897e+02
-4.518907e-05 7.243610e+02 2.904020e+02 8.018864e+02
-4.842519e-05 7.243368e+02 2.903923e+02 8.018597e+02
-5.223728e-05 7.243114e+02 2.903821e+02 8.018315e+02
-5.669971e-05 7.242617e+02 2.903622e+02 8.017765e+02
-6.188887e-05 7.242388e+02 2.903530e+02 8.017512e+02
-6.788303e-05 7.242208e+02 2.903458e+02 8.017313e+02
-7.475690e-05 7.241792e+02 2.903291e+02 8.016852e+02
-8.257298e-05 7.241820e+02 2.903302e+02 8.016883e+02
-9.138456e-05 7.242372e+02 2.903524e+02 8.017495e+02
-1.012238e-04 7.242309e+02 2.903499e+02 8.017425e+02
-1.120884e-04 7.243006e+02 2.903778e+02 8.018196e+02
-1.239341e-04 7.243217e+02 2.903862e+02 8.018429e+02
-1.366643e-04 7.243657e+02 2.904039e+02 8.018917e+02
-1.501294e-04 7.243662e+02 2.904041e+02 8.018923e+02
-1.641017e-04 7.243897e+02 2.904135e+02 8.019183e+02
-1.782740e-04 7.244004e+02 2.904178e+02 8.019302e+02
-1.922821e-04 7.244255e+02 2.904279e+02 8.019579e+02
-2.056946e-04 7.244077e+02 2.904207e+02 8.019382e+02
-2.180304e-04 7.244061e+02 2.904201e+02 8.019364e+02
-2.288030e-04 7.243754e+02 2.904078e+02 8.019024e+02
-2.375475e-04 7.243899e+02 2.904136e+02 8.019185e+02
-2.438526e-04 7.243915e+02 2.904143e+02 8.019203e+02
-2.474025e-04 7.244145e+02 2.904234e+02 8.019457e+02
-2.480329e-04 7.244216e+02 2.904263e+02 8.019536e+02
-2.457033e-04 7.244100e+02 2.904216e+02 8.019407e+02
-2.404960e-04 7.244245e+02 2.904275e+02 8.019568e+02
-2.326632e-04 7.244101e+02 2.904217e+02 8.019408e+02
-2.225654e-04 7.244167e+02 2.904243e+02 8.019481e+02
-2.106399e-04 7.244017e+02 2.904183e+02 8.019315e+02
-1.973631e-04 7.244645e+02 2.904435e+02 8.020011e+02
-1.832226e-04 7.244550e+02 2.904397e+02 8.019906e+02
-1.686860e-04 7.245150e+02 2.904637e+02 8.020569e+02
-1.541584e-04 7.245096e+02 2.904616e+02 8.020510e+02
-1.399678e-04 7.244777e+02 2.904488e+02 8.020157e+02
-1.263761e-04 7.244447e+02 2.904355e+02 8.019791e+02
-1.135745e-04 7.244888e+02 2.904533e+02 8.020280e+02
-1.016897e-04 7.244653e+02 2.904438e+02 8.020020e+02
-9.079507e-05 7.244308e+02 2.904300e+02 8.019638e+02
-8.091333e-05 7.244521e+02 2.904385e+02 8.019874e+02
-7.203037e-05 7.244811e+02 2.904501e+02 8.020194e+02
-6.410868e-05 7.244640e+02 2.904433e+02 8.020005e+02
-5.709227e-05 7.244768e+02 2.904484e+02 8.020147e+02
-5.091172e-05 7.244939e+02 2.904553e+02 8.020336e+02
-4.549285e-05 7.245322e+02 2.904707e+02 8.020760e+02
-4.076119e-05 7.245112e+02 2.904622e+02 8.020528e+02
-3.664303e-05 7.245216e+02 2.904664e+02 8.020643e+02
-3.306744e-05 7.245486e+02 2.904772e+02 8.020942e+02
-2.996963e-05 7.245164e+02 2.904643e+02 8.020586e+02
-2.729138e-05 7.245793e+02 2.904895e+02 8.021281e+02
-2.497983e-05 7.245838e+02 2.904913e+02 8.021332e+02
-2.298822e-05 7.245919e+02 2.904946e+02 8.021421e+02
-2.127601e-05 7.245739e+02 2.904874e+02 8.021222e+02
-1.980771e-05 7.245319e+02 2.904705e+02 8.020756e+02
-1.855258e-05 7.245130e+02 2.904630e+02 8.020548e+02
-1.748334e-05 7.245077e+02 2.904608e+02 8.020489e+02
-1.657654e-05 7.245093e+02 2.904615e+02 8.020506e+02
-1.581246e-05 7.245535e+02 2.904792e+02 8.020996e+02
-1.517437e-05 7.245625e+02 2.904828e+02 8.021095e+02
-1.464794e-05 7.246001e+02 2.904979e+02 8.021512e+02
-1.422109e-05 7.245762e+02 2.904883e+02 8.021248e+02
-1.388377e-05 7.245665e+02 2.904844e+02 8.021140e+02
-1.362770e-05 7.245804e+02 2.904900e+02 8.021294e+02
-1.344600e-05 7.245815e+02 2.904904e+02 8.021306e+02
-1.333312e-05 7.246116e+02 2.905025e+02 8.021639e+02
-1.328485e-05 7.245718e+02 2.904865e+02 8.021199e+02
-1.329786e-05 7.245864e+02 2.904924e+02 8.021360e+02
-1.336982e-05 7.245643e+02 2.904835e+02 8.021116e+02
-1.349920e-05 7.245323e+02 2.904707e+02 8.020761e+02
-1.368514e-05 7.245361e+02 2.904722e+02 8.020803e+02
-1.392760e-05 7.245715e+02 2.904864e+02 8.021195e+02
-1.422703e-05 7.245617e+02 2.904825e+02 8.021087e+02
-1.458454e-05 7.245723e+02 2.904867e+02 8.021204e+02
-1.500190e-05 7.245567e+02 2.904805e+02 8.021031e+02
-1.548138e-05 7.245587e+02 2.904813e+02 8.021053e+02
-1.602598e-05 7.245717e+02 2.904865e+02 8.021197e+02
-1.663914e-05 7.246121e+02 2.905027e+02 8.021645e+02
-1.732459e-05 7.246272e+02 2.905087e+02 8.021812e+02
-1.808677e-05 7.245902e+02 2.904939e+02 8.021403e+02
-1.893039e-05 7.245807e+02 2.904901e+02 8.021297e+02
-1.986052e-05 7.245918e+02 2.904945e+02 8.021420e+02
-2.088336e-05 7.246296e+02 2.905097e+02 8.021838e+02
-2.200528e-05 7.246469e+02 2.905166e+02 8.022030e+02
-2.323244e-05 7.246975e+02 2.905369e+02 8.022590e+02
-2.457127e-05 7.247130e+02 2.905431e+02 8.022761e+02
-2.602810e-05 7.247274e+02 2.905489e+02 8.022921e+02
-2.760964e-05 7.247315e+02 2.905506e+02 8.022967e+02
-2.932245e-05 7.247084e+02 2.905413e+02 8.022710e+02
-3.117344e-05 7.247205e+02 2.905461e+02 8.022844e+02
-3.316942e-05 7.247382e+02 2.905532e+02 8.023040e+02
-3.531645e-05 7.247584e+02 2.905613e+02 8.023264e+02
-3.761957e-05 7.247652e+02 2.905641e+02 8.023339e+02
-4.008278e-05 7.248121e+02 2.905828e+02 8.023858e+02
-4.270977e-05 7.248764e+02 2.906086e+02 8.024571e+02
-4.550288e-05 7.248499e+02 2.905980e+02 8.024277e+02
-4.846246e-05 7.248683e+02 2.906054e+02 8.024481e+02
-5.158685e-05 7.248747e+02 2.906080e+02 8.024552e+02
-5.487320e-05 7.248944e+02 2.906159e+02 8.024770e+02
-5.831714e-05 7.248962e+02 2.906166e+02 8.024789e+02
-6.191094e-05 7.249085e+02 2.906215e+02 8.024926e+02
-6.564389e-05 7.249536e+02 2.906396e+02 8.025425e+02
-6.950616e-05 7.248798e+02 2.906100e+02 8.024608e+02
-7.348672e-05 7.249143e+02 2.906239e+02 8.024991e+02
-7.757210e-05 7.248967e+02 2.906168e+02 8.024795e+02
-8.174578e-05 7.249018e+02 2.906188e+02 8.024852e+02
-8.599103e-05 7.249143e+02 2.906238e+02 8.024990e+02
-9.029320e-05 7.249330e+02 2.906313e+02 8.025197e+02
-9.463426e-05 7.250006e+02 2.906584e+02 8.025946e+02
-9.899260e-05 7.249979e+02 2.906574e+02 8.025916e+02
-1.033461e-04 7.250400e+02 2.906742e+02 8.026382e+02
-1.076728e-04 7.250528e+02 2.906794e+02 8.026523e+02
-1.119464e-04 7.250214e+02 2.906668e+02 8.026176e+02
-1.161408e-04 7.250571e+02 2.906811e+02 8.026571e+02
-1.202308e-04 7.250539e+02 2.906798e+02 8.026535e+02
-1.241883e-04 7.250595e+02 2.906820e+02 8.026598e+02
-1.279797e-04 7.250209e+02 2.906666e+02 8.026170e+02
-1.315696e-04 7.250137e+02 2.906637e+02 8.026091e+02
-1.349215e-04 7.249691e+02 2.906458e+02 8.025596e+02
-1.379989e-04 7.249842e+02 2.906518e+02 8.025763e+02
-1.407690e-04 7.249924e+02 2.906551e+02 8.025855e+02
-1.432031e-04 7.249865e+02 2.906528e+02 8.025789e+02
-1.452700e-04 7.249609e+02 2.906425e+02 8.025506e+02
-1.469407e-04 7.249140e+02 2.906237e+02 8.024987e+02
-1.481961e-04 7.249395e+02 2.906339e+02 8.025269e+02
-1.490240e-04 7.249435e+02 2.906355e+02 8.025313e+02
-1.494114e-04 7.249669e+02 2.906449e+02 8.025572e+02
-1.493479e-04 7.249637e+02 2.906437e+02 8.025537e+02
-1.488441e-04 7.249727e+02 2.906472e+02 8.025636e+02
-1.479175e-04 7.249924e+02 2.906551e+02 8.025855e+02
-1.465865e-04 7.250022e+02 2.906591e+02 8.025963e+02
-1.448792e-04 7.249889e+02 2.906538e+02 8.025816e+02
-1.428313e-04 7.250076e+02 2.906612e+02 8.026023e+02
-1.404845e-04 7.250513e+02 2.906787e+02 8.026506e+02
-1.378854e-04 7.250499e+02 2.906782e+02 8.026492e+02
-1.350833e-04 7.250820e+02 2.906911e+02 8.026847e+02
-1.321280e-04 7.250990e+02 2.906979e+02 8.027035e+02
-1.290704e-04 7.250596e+02 2.906821e+02 8.026599e+02
-1.259549e-04 7.249981e+02 2.906574e+02 8.025917e+02
-1.228242e-04 7.249689e+02 2.906457e+02 8.025595e+02
-1.197177e-04 7.249707e+02 2.906464e+02 8.025614e+02
-1.166694e-04 7.249311e+02 2.906306e+02 8.025176e+02
-1.137088e-04 7.249146e+02 2.906240e+02 8.024994e+02
-1.108581e-04 7.249169e+02 2.906249e+02 8.025019e+02
-1.081394e-04 7.248886e+02 2.906135e+02 8.024705e+02
-1.055716e-04 7.248361e+02 2.905925e+02 8.024124e+02
-1.031641e-04 7.248818e+02 2.906108e+02 8.024631e+02
-1.009202e-04 7.248798e+02 2.906100e+02 8.024608e+02
-9.884051e-05 7.248794e+02 2.906098e+02 8.024603e+02
-9.692235e-05 7.248409e+02 2.905944e+02 8.024177e+02
-9.516328e-05 7.248227e+02 2.905871e+02 8.023976e+02
-9.355747e-05 7.248345e+02 2.905918e+02 8.024106e+02
-9.209548e-05 7.248636e+02 2.906035e+02 8.024428e+02
-9.076674e-05 7.248794e+02 2.906098e+02 8.024603e+02
-8.955774e-05 7.249105e+02 2.906223e+02 8.024949e+02
-8.845551e-05 7.249169e+02 2.906249e+02 8.025019e+02
-8.744753e-05 7.248798e+02 2.906100e+02 8.024608e+02
-8.652090e-05 7.248916e+02 2.906148e+02 8.024739e+02
-8.566169e-05 7.248774e+02 2.906090e+02 8.024581e+02
-8.485763e-05 7.248694e+02 2.906058e+02 8.024493e+02
-8.409400e-05 7.248936e+02 2.906155e+02 8.024761e+02
-8.335590e-05 7.249374e+02 2.906331e+02 8.025246e+02
-8.262994e-05 7.249126e+02 2.906231e+02 8.024971e+02
-8.190043e-05 7.249024e+02 2.906191e+02 8.024858e+02
-8.115159e-05 7.248998e+02 2.906180e+02 8.024830e+02
-8.036827e-05 7.248743e+02 2.906078e+02 8.024548e+02
-7.953600e-05 7.248959e+02 2.906165e+02 8.024787e+02
-7.864108e-05 7.249181e+02 2.906254e+02 8.025032e+02
-7.767075e-05 7.249536e+02 2.906396e+02 8.025425e+02
-7.661467e-05 7.249181e+02 2.906253e+02 8.025032e+02
-7.546543e-05 7.248954e+02 2.906163e+02 8.024781e+02
-7.421727e-05 7.249259e+02 2.906285e+02 8.025118e+02
-7.286818e-05 7.249191e+02 2.906258e+02 8.025043e+02
-7.142180e-05 7.249438e+02 2.906356e+02 8.025316e+02
-6.988455e-05 7.249415e+02 2.906347e+02 8.025291e+02
-6.826702e-05 7.249154e+02 2.906243e+02 8.025002e+02
-6.658435e-05 7.248969e+02 2.906168e+02 8.024797e+02
-6.485179e-05 7.249375e+02 2.906331e+02 8.025247e+02
-6.308629e-05 7.249205e+02 2.906263e+02 8.025059e+02
-6.130782e-05 7.249075e+02 2.906211e+02 8.024914e+02
-5.953782e-05 7.248601e+02 2.906021e+02 8.024390e+02
-5.779676e-05 7.248498e+02 2.905980e+02 8.024276e+02
-5.610297e-05 7.248134e+02 2.905834e+02 8.023873e+02
-5.447360e-05 7.248030e+02 2.905792e+02 8.023758e+02
-5.292501e-05 7.248031e+02 2.905792e+02 8.023759e+02
-5.147185e-05 7.248363e+02 2.905926e+02 8.024127e+02
-5.012628e-05 7.248416e+02 2.905947e+02 8.024186e+02
-4.889885e-05 7.248270e+02 2.905888e+02 8.024024e+02
-4.779871e-05 7.248406e+02 2.905943e+02 8.024175e+02
-4.683314e-05 7.248572e+02 2.906010e+02 8.024358e+02
-4.600757e-05 7.248359e+02 2.905924e+02 8.024122e+02
-4.532650e-05 7.248293e+02 2.905898e+02 8.024049e+02
-4.479400e-05 7.248257e+02 2.905883e+02 8.024010e+02
-4.441261e-05 7.248417e+02 2.905947e+02 8.024187e+02
-4.418382e-05 7.248294e+02 2.905898e+02 8.024051e+02
-4.410909e-05 7.248598e+02 2.906020e+02 8.024387e+02
-4.418982e-05 7.248362e+02 2.905925e+02 8.024125e+02
-4.442713e-05 7.248961e+02 2.906165e+02 8.024788e+02
-4.482206e-05 7.249183e+02 2.906254e+02 8.025034e+02
-4.537605e-05 7.249063e+02 2.906206e+02 8.024902e+02
-4.609085e-05 7.248956e+02 2.906163e+02 8.024783e+02
-4.697033e-05 7.248759e+02 2.906084e+02 8.024565e+02
-4.801958e-05 7.248745e+02 2.906079e+02 8.024550e+02
-4.924530e-05 7.248883e+02 2.906134e+02 8.024703e+02
-5.065885e-05 7.248916e+02 2.906147e+02 8.024739e+02
-5.227566e-05 7.249089e+02 2.906217e+02 8.024930e+02
-5.411886e-05 7.248879e+02 2.906132e+02 8.024698e+02
-5.622376e-05 7.248774e+02 2.906090e+02 8.024582e+02
-5.864087e-05 7.248865e+02 2.906127e+02 8.024682e+02
-6.144341e-05 7.249189e+02 2.906257e+02 8.025041e+02
-6.473724e-05 7.248693e+02 2.906058e+02 8.024492e+02
-6.867866e-05 7.248767e+02 2.906087e+02 8.024574e+02
-7.349450e-05 7.248979e+02 2.906173e+02 8.024809e+02
-7.951420e-05 7.248963e+02 2.906166e+02 8.024791e+02
-8.722341e-05 7.248716e+02 2.906067e+02 8.024517e+02
-9.733885e-05 7.249021e+02 2.906189e+02 8.024855e+02
-1.109251e-04 7.249559e+02 2.906405e+02 8.025451e+02
-1.295827e-04 7.249444e+02 2.906359e+02 8.025323e+02
-1.557528e-04 7.249699e+02 2.906461e+02 8.025605e+02
-1.932079e-04 7.249332e+02 2.906314e+02 8.025200e+02
-2.478465e-04 7.249287e+02 2.906296e+02 8.025150e+02
-3.290333e-04 7.249070e+02 2.906209e+02 8.024909e+02
-4.519208e-04 7.249084e+02 2.906215e+02 8.024925e+02
-6.413675e-04 7.249054e+02 2.906203e+02 8.024892e+02
-9.385800e-04 7.248756e+02 2.906083e+02 8.024562e+02
-1.412548e-03 7.248621e+02 2.906029e+02 8.024412e+02
-2.178909e-03 7.248892e+02 2.906138e+02 8.024712e+02
-3.429030e-03 7.248483e+02 2.905974e+02 8.024260e+02
-5.469094e-03 7.248560e+02 2.906004e+02 8.024344e+02
-8.752482e-03 7.248702e+02 2.906061e+02 8.024502e+02
-1.384275e-02 7.248558e+02 2.906004e+02 8.024343e+02
-2.117119e-02 7.248732e+02 2.906073e+02 8.024535e+02
-3.042877e-02 7.249169e+02 2.906249e+02 8.025019e+02
-3.976039e-02 7.248942e+02 2.906158e+02 8.024768e+02
-4.581926e-02 7.249617e+02 2.906428e+02 8.025515e+02
-4.571410e-02 7.249416e+02 2.906348e+02 8.025292e+02
-3.949443e-02 7.249854e+02 2.906523e+02 8.025777e+02
-3.011643e-02 7.249725e+02 2.906472e+02 8.025634e+02
-2.090403e-02 7.249687e+02 2.906456e+02 8.025592e+02
-1.364725e-02 7.249887e+02 2.906536e+02 8.025813e+02
-8.619923e-03 7.250106e+02 2.906624e+02 8.026056e+02
-5.380319e-03 7.250034e+02 2.906596e+02 8.025977e+02
-3.366854e-03 7.250106e+02 2.906625e+02 8.026056e+02
-2.132065e-03 7.250207e+02 2.906665e+02 8.026167e+02
-1.374198e-03 7.250150e+02 2.906642e+02 8.026105e+02
-9.045960e-04 7.249735e+02 2.906476e+02 8.025645e+02
-6.094567e-04 7.250009e+02 2.906585e+02 8.025949e+02
-4.208382e-04 7.250120e+02 2.906630e+02 8.026071e+02
-2.981601e-04 7.249901e+02 2.906542e+02 8.025829e+02
-2.169748e-04 7.249585e+02 2.906415e+02 8.025479e+02
-1.623343e-04 7.249607e+02 2.906424e+02 8.025503e+02
-1.249723e-04 7.249654e+02 2.906443e+02 8.025556e+02
-9.905750e-05 7.249569e+02 2.906409e+02 8.025462e+02
-8.085828e-05 7.249732e+02 2.906475e+02 8.025643e+02
-6.794512e-05 7.249260e+02 2.906285e+02 8.025120e+02
-5.871478e-05 7.248965e+02 2.906167e+02 8.024793e+02
-5.209475e-05 7.249055e+02 2.906203e+02 8.024893e+02
-4.735779e-05 7.249134e+02 2.906235e+02 8.024980e+02
-4.400639e-05 7.249117e+02 2.906228e+02 8.024962e+02
-4.169566e-05 7.249125e+02 2.906231e+02 8.024970e+02
-4.018572e-05 7.249089e+02 2.906217e+02 8.024930e+02
-3.930976e-05 7.248830e+02 2.906113e+02 8.024644e+02
-3.895226e-05 7.249063e+02 2.906206e+02 8.024902e+02
-3.903500e-05 7.249096e+02 2.906220e+02 8.024938e+02
-3.950677e-05 7.249125e+02 2.906231e+02 8.024970e+02
-4.033755e-05 7.249474e+02 2.906371e+02 8.025357e+02
-4.151472e-05 7.248780e+02 2.906093e+02 8.024588e+02
-4.303911e-05 7.248735e+02 2.906075e+02 8.024539e+02
-4.492411e-05 7.248745e+02 2.906079e+02 8.024550e+02
-4.719347e-05 7.248825e+02 2.906111e+02 8.024638e+02
-4.988076e-05 7.248736e+02 2.906075e+02 8.024539e+02
-5.303169e-05 7.248381e+02 2.905933e+02 8.024147e+02
-5.670356e-05 7.247982e+02 2.905773e+02 8.023705e+02
-6.096309e-05 7.248139e+02 2.905836e+02 8.023879e+02
-6.589005e-05 7.247811e+02 2.905704e+02 8.023515e+02
-7.157953e-05 7.247743e+02 2.905677e+02 8.023440e+02
-7.813946e-05 7.247656e+02 2.905642e+02 8.023344e+02
-8.569765e-05 7.247514e+02 2.905585e+02 8.023187e+02
-9.440398e-05 7.247527e+02 2.905590e+02 8.023201e+02
-1.044264e-04 7.247472e+02 2.905568e+02 8.023140e+02
-1.159532e-04 7.247547e+02 2.905599e+02 8.023224e+02
-1.292073e-04 7.247717e+02 2.905667e+02 8.023412e+02
-1.444365e-04 7.247562e+02 2.905605e+02 8.023240e+02
-1.619138e-04 7.246971e+02 2.905368e+02 8.022586e+02
-1.819548e-04 7.247188e+02 2.905454e+02 8.022825e+02
-2.049034e-04 7.247011e+02 2.905384e+02 8.022630e+02
-2.311287e-04 7.246889e+02 2.905335e+02 8.022495e+02
-2.610172e-04 7.246564e+02 2.905204e+02 8.022135e+02
-2.949599e-04 7.246592e+02 2.905216e+02 8.022166e+02
-3.333564e-04 7.246484e+02 2.905172e+02 8.022046e+02
-3.765781e-04 7.246098e+02 2.905017e+02 8.021619e+02
-4.249554e-04 7.246447e+02 2.905158e+02 8.022006e+02
-4.787673e-04 7.246305e+02 2.905101e+02 8.021848e+02
-5.381819e-04 7.246434e+02 2.905152e+02 8.021991e+02
-6.031997e-04 7.246643e+02 2.905236e+02 8.022223e+02
-6.735699e-04 7.246932e+02 2.905352e+02 8.022542e+02
-7.487453e-04 7.246853e+02 2.905320e+02 8.022455e+02
-8.278673e-04 7.246643e+02 2.905236e+02 8.022223e+02
-9.097131e-04 7.246582e+02 2.905212e+02 8.022155e+02
-9.927392e-04 7.246202e+02 2.905059e+02 8.021734e+02
-1.075016e-03 7.245767e+02 2.904885e+02 8.021252e+02
-1.154257e-03 7.245600e+02 2.904818e+02 8.021068e+02
-1.227892e-03 7.245286e+02 2.904692e+02 8.020721e+02
-1.293280e-03 7.245327e+02 2.904709e+02 8.020766e+02
-1.347914e-03 7.245766e+02 2.904884e+02 8.021252e+02
-1.389462e-03 7.245992e+02 2.904975e+02 8.021502e+02
-1.416138e-03 7.246214e+02 2.905064e+02 8.021748e+02
-1.426817e-03 7.245982e+02 2.904971e+02 8.021491e+02
-1.421118e-03 7.246006e+02 2.904981e+02 8.021517e+02
-1.399355e-03 7.246521e+02 2.905187e+02 8.022087e+02
-1.362453e-03 7.246803e+02 2.905300e+02 8.022399e+02
-1.312022e-03 7.247219e+02 2.905467e+02 8.022861e+02
-1.250199e-03 7.247137e+02 2.905434e+02 8.022770e+02
-1.179462e-03 7.247229e+02 2.905471e+02 8.022872e+02
-1.102389e-03 7.247311e+02 2.905504e+02 8.022962e+02
-1.021419e-03 7.247022e+02 2.905388e+02 8.022642e+02
-9.389479e-04 7.246813e+02 2.905304e+02 8.022411e+02
-8.570652e-04 7.247083e+02 2.905412e+02 8.022710e+02
-7.773755e-04 7.247144e+02 2.905437e+02 8.022777e+02
-7.011836e-04 7.247020e+02 2.905387e+02 8.022640e+02
-6.294647e-04 7.247067e+02 2.905406e+02 8.022692e+02
-5.628190e-04 7.247062e+02 2.905404e+02 8.022686e+02
-5.015715e-04 7.246959e+02 2.905363e+02 8.022573e+02
-4.458086e-04 7.246605e+02 2.905221e+02 8.022181e+02
-3.954521e-04 7.246464e+02 2.905164e+02 8.022024e+02
-3.502884e-04 7.246811e+02 2.905304e+02 8.022409e+02
-3.100051e-04 7.247243e+02 2.905477e+02 8.022887e+02
-2.742658e-04 7.246820e+02 2.905307e+02 8.022418e+02
-2.426833e-04 7.246703e+02 2.905260e+02 8.022289e+02
-2.148627e-04 7.246956e+02 2.905361e+02 8.022569e+02
-1.904241e-04 7.247521e+02 2.905588e+02 8.023195e+02
-1.689953e-04 7.247180e+02 2.905451e+02 8.022817e+02
-1.502416e-04 7.247148e+02 2.905439e+02 8.022782e+02
-1.338486e-04 7.246914e+02 2.905345e+02 8.022523e+02
-1.195226e-04 7.246924e+02 2.905349e+02 8.022534e+02
-1.070066e-04 7.246703e+02 2.905260e+02 8.022289e+02
-9.606970e-05 7.246414e+02 2.905144e+02 8.021969e+02
-8.650958e-05 7.246365e+02 2.905125e+02 8.021915e+02
-7.814960e-05 7.246430e+02 2.905151e+02 8.021987e+02
-7.083465e-05 7.246617e+02 2.905226e+02 8.022194e+02
-6.442959e-05 7.246729e+02 2.905270e+02 8.022318e+02
-5.881642e-05 7.246705e+02 2.905261e+02 8.022291e+02
-5.389187e-05 7.246529e+02 2.905191e+02 8.022097e+02
-4.956572e-05 7.246777e+02 2.905290e+02 8.022371e+02
-4.576052e-05 7.247337e+02 2.905514e+02 8.022991e+02
-4.240999e-05 7.247401e+02 2.905540e+02 8.023061e+02
-3.945681e-05 7.247598e+02 2.905619e+02 8.023280e+02
-3.685126e-05 7.247620e+02 2.905628e+02 8.023304e+02
-3.455046e-05 7.247150e+02 2.905439e+02 8.022784e+02
-3.251672e-05 7.246985e+02 2.905373e+02 8.022601e+02
-3.071732e-05 7.246336e+02 2.905113e+02 8.021883e+02
-2.912458e-05 7.246404e+02 2.905140e+02 8.021958e+02
-2.771392e-05 7.246241e+02 2.905075e+02 8.021778e+02
-2.646398e-05 7.246223e+02 2.905068e+02 8.021757e+02
-2.535744e-05 7.246674e+02 2.905249e+02 8.022257e+02
-2.437915e-05 7.246383e+02 2.905132e+02 8.021935e+02
-2.351578e-05 7.245773e+02 2.904887e+02 8.021259e+02
-2.275609e-05 7.246094e+02 2.905016e+02 8.021615e+02
-2.209059e-05 7.246451e+02 2.905159e+02 8.022010e+02
-2.151119e-05 7.246545e+02 2.905197e+02 8.022114e+02
-2.101091e-05 7.246493e+02 2.905176e+02 8.022056e+02
-2.058400e-05 7.245917e+02 2.904945e+02 8.021419e+02
-2.022568e-05 7.245897e+02 2.904937e+02 8.021396e+02
-1.993236e-05 7.245888e+02 2.904933e+02 8.021387e+02
-1.970140e-05 7.245826e+02 2.904909e+02 8.021319e+02
-1.953076e-05 7.246232e+02 2.905071e+02 8.021768e+02
-1.941945e-05 7.246359e+02 2.905122e+02 8.021908e+02
-1.936711e-05 7.246439e+02 2.905154e+02 8.021996e+02
-1.937407e-05 7.246155e+02 2.905041e+02 8.021683e+02
-1.944175e-05 7.246426e+02 2.905149e+02 8.021982e+02
-1.957227e-05 7.246278e+02 2.905090e+02 8.021818e+02
-1.976840e-05 7.246515e+02 2.905185e+02 8.022081e+02
-2.003382e-05 7.246175e+02 2.905049e+02 8.021705e+02
-2.037332e-05 7.246143e+02 2.905036e+02 8.021669e+02
-2.079298e-05 7.246458e+02 2.905162e+02 8.022017e+02
-2.130035e-05 7.246435e+02 2.905153e+02 8.021992e+02
-2.190447e-05 7.246525e+02 2.905189e+02 8.022091e+02
-2.261597e-05 7.246596e+02 2.905217e+02 8.022171e+02
-2.344763e-05 7.246506e+02 2.905181e+02 8.022071e+02
-2.441492e-05 7.246412e+02 2.905143e+02 8.021967e+02
-2.553631e-05 7.246240e+02 2.905075e+02 8.021777e+02
-2.683364e-05 7.246376e+02 2.905129e+02 8.021927e+02
-2.833325e-05 7.246333e+02 2.905112e+02 8.021879e+02
-3.006683e-05 7.246239e+02 2.905074e+02 8.021775e+02
-3.207218e-05 7.246331e+02 2.905111e+02 8.021877e+02
-3.439524e-05 7.246352e+02 2.905119e+02 8.021900e+02
-3.709143e-05 7.246170e+02 2.905046e+02 8.021698e+02
-4.022724e-05 7.246432e+02 2.905152e+02 8.021989e+02
-4.388478e-05 7.246212e+02 2.905063e+02 8.021746e+02
-4.816567e-05 7.246342e+02 2.905115e+02 8.021889e+02
-5.319470e-05 7.246155e+02 2.905041e+02 8.021683e+02
-5.912496e-05 7.246105e+02 2.905020e+02 8.021627e+02
-6.614633e-05 7.245826e+02 2.904908e+02 8.021318e+02
-7.449834e-05 7.245990e+02 2.904974e+02 8.021500e+02
-8.448136e-05 7.245730e+02 2.904870e+02 8.021212e+02
-9.647604e-05 7.245492e+02 2.904775e+02 8.020949e+02
-1.109720e-04 7.245640e+02 2.904834e+02 8.021112e+02
-1.285941e-04 7.245479e+02 2.904769e+02 8.020934e+02
-1.501449e-04 7.245466e+02 2.904764e+02 8.020920e+02
-1.766768e-04 7.245427e+02 2.904749e+02 8.020876e+02
-2.095738e-04 7.245758e+02 2.904881e+02 8.021242e+02
-2.506594e-04 7.245704e+02 2.904860e+02 8.021183e+02
-3.023748e-04 7.245765e+02 2.904884e+02 8.021251e+02
-3.680316e-04 7.245719e+02 2.904866e+02 8.021200e+02
-4.521434e-04 7.246151e+02 2.905039e+02 8.021678e+02
-5.608839e-04 7.246259e+02 2.905082e+02 8.021798e+02
-7.028717e-04 7.246057e+02 2.905001e+02 8.021573e+02
-8.903093e-04 7.245571e+02 2.904806e+02 8.021036e+02
-1.140647e-03 7.245846e+02 2.904917e+02 8.021340e+02
-1.479232e-03 7.246207e+02 2.905061e+02 8.021740e+02
-1.943223e-03 7.246428e+02 2.905150e+02 8.021985e+02
-2.588177e-03 7.246150e+02 2.905038e+02 8.021676e+02
-3.498894e-03 7.246085e+02 2.905012e+02 8.021605e+02
-4.806661e-03 7.246063e+02 2.905004e+02 8.021581e+02
-6.717883e-03 7.246331e+02 2.905111e+02 8.021877e+02
-9.563878e-03 7.246644e+02 2.905236e+02 8.022223e+02
-1.388961e-02 7.246578e+02 2.905210e+02 8.022150e+02
-2.061093e-02 7.246663e+02 2.905244e+02 8.022244e+02
-3.129844e-02 7.247057e+02 2.905402e+02 8.022681e+02
-4.870541e-02 7.247459e+02 2.905563e+02 8.023126e+02
-7.773664e-02 7.248138e+02 2.905835e+02 8.023877e+02
-1.272324e-01 7.248862e+02 2.906126e+02 8.024679e+02
-2.130302e-01 7.250114e+02 2.906628e+02 8.026065e+02
-3.620518e-01 7.251681e+02 2.907256e+02 8.027799e+02
-6.100923e-01 7.254062e+02 2.908210e+02 8.030436e+02
-9.317456e-01 7.257088e+02 2.909423e+02 8.033785e+02
-7.376639e-01 7.253947e+02 2.908164e+02 8.030309e+02
6.078810e-01 7.246776e+02 2.905289e+02 8.022370e+02
-9.649277e-01 7.258418e+02 2.909957e+02 8.035258e+02
-8.042284e-01 7.258333e+02 2.909923e+02 8.035163e+02
-4.822203e-01 7.255144e+02 2.908644e+02 8.031633e+02
-2.762845e-01 7.252950e+02 2.907764e+02 8.029204e+02
-1.596649e-01 7.252373e+02 2.907533e+02 8.028566e+02
-9.449509e-02 7.251669e+02 2.907251e+02 8.027787e+02
-5.755148e-02 7.250975e+02 2.906973e+02 8.027018e+02
-3.611685e-02 7.250562e+02 2.906807e+02 8.026561e+02
-2.335192e-02 7.250114e+02 2.906628e+02 8.026065e+02
-1.555043e-02 7.250299e+02 2.906702e+02 8.026270e+02
-1.066237e-02 7.250439e+02 2.906758e+02 8.026425e+02
-7.526394e-03 7.250252e+02 2.906683e+02 8.026218e+02
-5.469511e-03 7.249582e+02 2.906414e+02 8.025476e+02
-4.090907e-03 7.249889e+02 2.906538e+02 8.025816e+02
-3.146273e-03 7.249906e+02 2.906544e+02 8.025835e+02
-2.484013e-03 7.250416e+02 2.906749e+02 8.026399e+02
-2.008176e-03 7.250636e+02 2.906837e+02 8.026643e+02
-1.657019e-03 7.250305e+02 2.906704e+02 8.026277e+02
-1.390213e-03 7.250667e+02 2.906849e+02 8.026678e+02
-1.181269e-03 7.251109e+02 2.907026e+02 8.027166e+02
-1.012949e-03 7.251485e+02 2.907177e+02 8.027583e+02
-8.740429e-04 7.251320e+02 2.907111e+02 8.027400e+02
-7.571364e-04 7.251348e+02 2.907122e+02 8.027431e+02
-6.572943e-04 7.251897e+02 2.907342e+02 8.028039e+02
-5.712306e-04 7.251852e+02 2.907324e+02 8.027989e+02
-4.966880e-04 7.251958e+02 2.907367e+02 8.028106e+02
-4.320318e-04 7.251786e+02 2.907298e+02 8.027916e+02
-3.759959e-04 7.251507e+02 2.907186e+02 8.027608e+02
-3.275309e-04 7.251741e+02 2.907280e+02 8.027867e+02
-2.857214e-04 7.251498e+02 2.907182e+02 8.027597e+02
-2.497751e-04 7.252007e+02 2.907386e+02 8.028160e+02
-2.189833e-04 7.252150e+02 2.907444e+02 8.028319e+02
-1.926939e-04 7.251993e+02 2.907381e+02 8.028145e+02
-1.703191e-04 7.251982e+02 2.907376e+02 8.028133e+02
-1.513332e-04 7.251911e+02 2.907348e+02 8.028054e+02
-1.352667e-04 7.252105e+02 2.907426e+02 8.028269e+02
-1.217052e-04 7.251987e+02 2.907379e+02 8.028139e+02
-1.102909e-04 7.251769e+02 2.907291e+02 8.027897e+02
-1.007135e-04 7.252251e+02 2.907484e+02 8.028430e+02
-9.270616e-05 7.252188e+02 2.907459e+02 8.028361e+02
-8.604034e-05 7.252544e+02 2.907602e+02 8.028755e+02
-8.051659e-05 7.252539e+02 2.907600e+02 8.028749e+02
-7.596347e-05 7.252546e+02 2.907603e+02 8.028757e+02
-7.223506e-05 7.252739e+02 2.907680e+02 8.028971e+02
-6.920555e-05 7.252350e+02 2.907524e+02 8.028540e+02
-6.676440e-05 7.252358e+02 2.907527e+02 8.028549e+02
-6.481541e-05 7.252620e+02 2.907632e+02 8.028840e+02
-6.327499e-05 7.252572e+02 2.907613e+02 8.028786e+02
-6.207084e-05 7.252449e+02 2.907564e+02 8.028650e+02
-6.114017e-05 7.252404e+02 2.907546e+02 8.028600e+02
-6.042834e-05 7.252648e+02 2.907643e+02 8.028870e+02
-5.988946e-05 7.252866e+02 2.907731e+02 8.029111e+02
-5.948695e-05 7.252906e+02 2.907747e+02 8.029156e+02
-5.919345e-05 7.253156e+02 2.907847e+02 8.029432e+02
-5.899147e-05 7.252828e+02 2.907716e+02 8.029069e+02
-5.887219e-05 7.252751e+02 2.907685e+02 8.028984e+02
-5.883742e-05 7.253139e+02 2.907841e+02 8.029414e+02
-5.889975e-05 7.253205e+02 2.907867e+02 8.029487e+02
-5.908341e-05 7.253510e+02 2.907989e+02 8.029824e+02
-5.942516e-05 7.253774e+02 2.908095e+02 8.030117e+02
-5.997199e-05 7.254097e+02 2.908225e+02 8.030475e+02
-6.078259e-05 7.254110e+02 2.908230e+02 8.030489e+02
-6.192709e-05 7.254097e+02 2.908224e+02 8.030474e+02
-6.348803e-05 7.254256e+02 2.908288e+02 8.030650e+02
-6.556070e-05 7.254151e+02 2.908246e+02 8.030534e+02
-6.825454e-05 7.254132e+02 2.908239e+02 8.030513e+02
-7.169248e-05 7.254055e+02 2.908208e+02 8.030428e+02
-7.600930e-05 7.254124e+02 2.908235e+02 8.030504e+02
-8.135261e-05 7.254047e+02 2.908204e+02 8.030419e+02
-8.787820e-05 7.253737e+02 2.908080e+02 8.030076e+02
-9.574228e-05 7.253699e+02 2.908065e+02 8.030033e+02
-1.050886e-04 7.253708e+02 2.908068e+02 8.030043e+02
-1.160276e-04 7.253066e+02 2.907811e+02 8.029333e+02
-1.286174e-04 7.252738e+02 2.907679e+02 8.028970e+02
-1.428438e-04 7.252472e+02 2.907573e+02 8.028675e+02
-1.585767e-04 7.252276e+02 2.907495e+02 8.028459e+02
-1.755344e-04 7.252444e+02 2.907562e+02 8.028644e+02
-1.932723e-04 7.252746e+02 2.907683e+02 8.028979e+02
-2.111665e-04 7.252690e+02 2.907660e+02 8.028916e+02
-2.284361e-04 7.252457e+02 2.907567e+02 8.028659e+02
-2.441928e-04 7.251970e+02 2.907372e+02 8.028119e+02
-2.575241e-04 7.251928e+02 2.907355e+02 8.028074e+02
-2.676128e-04 7.251855e+02 2.907326e+02 8.027993e+02
-2.738565e-04 7.251652e+02 2.907244e+02 8.027767e+02
-2.759509e-04 7.251378e+02 2.907134e+02 8.027464e+02
-2.739438e-04 7.251422e+02 2.907152e+02 8.027513e+02
-2.682470e-04 7.251288e+02 2.907098e+02 8.027364e+02
-2.595415e-04 7.251365e+02 2.907129e+02 8.027450e+02
-2.486750e-04 7.251185e+02 2.907057e+02 8.027250e+02
-2.365691e-04 7.251765e+02 2.907290e+02 8.027893e+02
-2.240934e-04 7.251692e+02 2.907260e+02 8.027812e+02
-2.119811e-04 7.251603e+02 2.907225e+02 8.027713e+02
-2.007887e-04 7.252029e+02 2.907395e+02 8.028185e+02
-1.908856e-04 7.252485e+02 2.907578e+02 8.028689e+02
-1.824690e-04 7.252633e+02 2.907638e+02 8.028854e+02
-1.755842e-04 7.252898e+02 2.907744e+02 8.029147e+02
-1.701609e-04 7.252864e+02 2.907730e+02 8.029109e+02
-1.660456e-04 7.252392e+02 2.907541e+02 8.028587e+02
-1.630337e-04 7.252322e+02 2.907513e+02 8.028510e+02
-1.608985e-04 7.251867e+02 2.907330e+02 8.028006e+02
-1.594041e-04 7.252307e+02 2.907507e+02 8.028493e+02
-1.583262e-04 7.252576e+02 2.907615e+02 8.028790e+02
-1.574573e-04 7.252514e+02 2.907590e+02 8.028722e+02
-1.566147e-04 7.252183e+02 2.907457e+02 8.028356e+02
-1.556537e-04 7.252311e+02 2.907508e+02 8.028497e+02
-1.544646e-04 7.252270e+02 2.907492e+02 8.028452e+02
-1.529749e-04 7.252445e+02 2.907562e+02 8.028646e+02
-1.511433e-04 7.252310e+02 2.907508e+02 8.028496e+02
-1.489601e-04 7.252072e+02 2.907413e+02 8.028232e+02
-1.464442e-04 7.252052e+02 2.907404e+02 8.028210e+02
-1.436389e-04 7.251767e+02 2.907290e+02 8.027895e+02
-1.406057e-04 7.251898e+02 2.907343e+02 8.028040e+02
-1.374184e-04 7.251597e+02 2.907222e+02 8.027707e+02
-1.341497e-04 7.251721e+02 2.907272e+02 8.027844e+02
-1.308734e-04 7.251871e+02 2.907332e+02 8.028010e+02
-1.276613e-04 7.252312e+02 2.907509e+02 8.028498e+02
-1.245764e-04 7.252307e+02 2.907507e+02 8.028493e+02
-1.216763e-04 7.252618e+02 2.907631e+02 8.028837e+02
-1.190072e-04 7.252714e+02 2.907670e+02 8.028943e+02
-1.166112e-04 7.252305e+02 2.907506e+02 8.028491e+02
-1.145238e-04 7.252236e+02 2.907478e+02 8.028414e+02
-1.127667e-04 7.252063e+02 2.907409e+02 8.028223e+02
-1.113543e-04 7.252494e+02 2.907582e+02 8.028699e+02
-1.102977e-04 7.252664e+02 2.907650e+02 8.028888e+02
-1.096037e-04 7.252520e+02 2.907592e+02 8.028729e+02
-1.092727e-04 7.252424e+02 2.907554e+02 8.028622e+02
-1.092987e-04 7.252551e+02 2.907605e+02 8.028763e+02
-1.096721e-04 7.252422e+02 2.907553e+02 8.028620e+02
-1.103828e-04 7.252727e+02 2.907675e+02 8.028957e+02
-1.114193e-04 7.252606e+02 2.907627e+02 8.028824e+02
-1.127670e-04 7.253033e+02 2.907798e+02 8.029296e+02
-1.144106e-04 7.253104e+02 2.907826e+02 8.029375e+02
-1.163361e-04 7.253367e+02 2.907932e+02 8.029667e+02
-1.185294e-04 7.253360e+02 2.907929e+02 8.029658e+02
-1.209845e-04 7.253396e+02 2.907944e+02 8.029699e+02
-1.237044e-04 7.253465e+02 2.907971e+02 8.029774e+02
-1.266991e-04 7.253228e+02 2.907876e+02 8.029512e+02
-1.299942e-04 7.253603e+02 2.908026e+02 8.029927e+02
-1.336348e-04 7.253290e+02 2.907901e+02 8.029581e+02
-1.376937e-04 7.253660e+02 2.908049e+02 8.029990e+02
-1.422745e-04 7.253631e+02 2.908038e+02 8.029959e+02
-1.475215e-04 7.253604e+02 2.908027e+02 8.029928e+02
-1.536308e-04 7.253525e+02 2.907995e+02 8.029841e+02
-1.608605e-04 7.253837e+02 2.908120e+02 8.030186e+02
-1.695412e-04 7.254288e+02 2.908301e+02 8.030686e+02
-1.800897e-04 7.253869e+02 2.908133e+02 8.030222e+02
-1.930295e-04 7.253599e+02 2.908025e+02 8.029923e+02
-2.090148e-04 7.253731e+02 2.908078e+02 8.030069e+02
-2.288436e-04 7.253285e+02 2.907899e+02 8.029576e+02
-2.534648e-04 7.253460e+02 2.907969e+02 8.029770e+02
-2.840097e-04 7.253587e+02 2.908020e+02 8.029910e+02
-3.217978e-04 7.253671e+02 2.908054e+02 8.030003e+02
-3.683207e-04 7.253857e+02 2.908128e+02 8.030208e+02
-4.251835e-04 7.253925e+02 2.908156e+02 8.030284e+02
-4.939925e-04 7.253733e+02 2.908079e+02 8.030072e+02
-5.761813e-04 7.253489e+02 2.907981e+02 8.029801e+02
-6.727162e-04 7.253542e+02 2.908002e+02 8.029860e+02
-7.837365e-04 7.253349e+02 2.907925e+02 8.029646e+02
-9.080040e-04 7.253338e+02 2.907920e+02 8.029634e+02
-1.042517e-03 7.253140e+02 2.907841e+02 8.029415e+02
-1.182080e-03 7.252977e+02 2.907775e+02 8.029234e+02
-1.319115e-03 7.252800e+02 2.907704e+02 8.029038e+02
-1.444271e-03 7.252793e+02 2.907702e+02 8.029031e+02
-1.547274e-03 7.252431e+02 2.907557e+02 8.028630e+02
-1.618198e-03 7.252274e+02 2.907493e+02 8.028456e+02
-1.649562e-03 7.252362e+02 2.907529e+02 8.028554e+02
-1.637748e-03 7.252913e+02 2.907750e+02 8.029163e+02
-1.583858e-03 7.252570e+02 2.907612e+02 8.028784e+02
-1.493479e-03 7.252485e+02 2.907578e+02 8.028689e+02
-1.375113e-03 7.252352e+02 2.907525e+02 8.028543e+02
-1.238913e-03 7.252294e+02 2.907502e+02 8.028478e+02
-1.095014e-03 7.252324e+02 2.907514e+02 8.028511e+02
-9.521593e-04 7.252604e+02 2.907626e+02 8.028822e+02
-8.169194e-04 7.251956e+02 2.907366e+02 8.028104e+02
-6.935508e-04 7.252061e+02 2.907408e+02 8.028220e+02
-5.842671e-04 7.252448e+02 2.907563e+02 8.028649e+02
-4.896458e-04 7.252710e+02 2.907668e+02 8.028939e+02
-4.091983e-04 7.252634e+02 2.907638e+02 8.028855e+02
-3.417419e-04 7.252781e+02 2.907697e+02 8.029017e+02
-2.857513e-04 7.252616e+02 2.907631e+02 8.028835e+02
-2.396340e-04 7.252506e+02 2.907587e+02 8.028713e+02
-2.018427e-04 7.252411e+02 2.907549e+02 8.028608e+02
-1.709857e-04 7.252474e+02 2.907574e+02 8.028678e+02
-1.458448e-04 7.252290e+02 2.907500e+02 8.028474e+02
-1.253744e-04 7.252341e+02 2.907520e+02 8.028530e+02
-1.087126e-04 7.252458e+02 2.907567e+02 8.028660e+02
-9.514944e-05 7.252434e+02 2.907558e+02 8.028634e+02
-8.410031e-05 7.251773e+02 2.907293e+02 8.027901e+02
-7.509181e-05 7.251895e+02 2.907342e+02 8.028036e+02
-6.774197e-05 7.251887e+02 2.907338e+02 8.028028e+02
-6.174037e-05 7.251928e+02 2.907355e+02 8.028073e+02
-5.683459e-05 7.251916e+02 2.907350e+02 8.028060e+02
-5.281685e-05 7.251519e+02 2.907191e+02 8.027621e+02
-4.951630e-05 7.251797e+02 2.907302e+02 8.027928e+02
-4.679232e-05 7.251842e+02 2.907320e+02 8.027978e+02
-4.452935e-05 7.251027e+02 2.906994e+02 8.027075e+02
-4.263152e-05 7.251004e+02 2.906985e+02 8.027051e+02
-4.101875e-05 7.251093e+02 2.907020e+02 8.027149e+02
-3.962549e-05 7.250907e+02 2.906946e+02 8.026943e+02
-3.839829e-05 7.250982e+02 2.906975e+02 8.027025e+02
-3.729483e-05 7.250988e+02 2.906978e+02 8.027032e+02
-3.628241e-05 7.251007e+02 2.906986e+02 8.027054e+02
-3.533688e-05 7.251060e+02 2.907007e+02 8.027112e+02
-3.444220e-05 7.251329e+02 2.907115e+02 8.027411e+02
-3.358825e-05 7.251229e+02 2.907074e+02 8.027299e+02
-3.277015e-05 7.251771e+02 2.907292e+02 8.027900e+02
-3.198664e-05 7.251865e+02 2.907330e+02 8.028003e+02
-3.123896e-05 7.251744e+02 2.907281e+02 8.027869e+02
-3.053043e-05 7.251534e+02 2.907197e+02 8.027637e+02
-2.986535e-05 7.251711e+02 2.907268e+02 8.027833e+02
-2.924751e-05 7.251396e+02 2.907142e+02 8.027484e+02
-2.868041e-05 7.251864e+02 2.907329e+02 8.028003e+02
-2.816760e-05 7.251752e+02 2.907284e+02 8.027879e+02
-2.771114e-05 7.251469e+02 2.907171e+02 8.027565e+02
-2.731223e-05 7.251434e+02 2.907157e+02 8.027527e+02
-2.697152e-05 7.251323e+02 2.907112e+02 8.027403e+02
-2.668887e-05 7.251680e+02 2.907256e+02 8.027799e+02
-2.646330e-05 7.251700e+02 2.907264e+02 8.027821e+02
-2.629333e-05 7.251767e+02 2.907290e+02 8.027895e+02
-2.617724e-05 7.252179e+02 2.907456e+02 8.028351e+02
-2.611313e-05 7.252739e+02 2.907680e+02 8.028971e+02
-2.609926e-05 7.252935e+02 2.907759e+02 8.029188e+02
-2.613354e-05 7.252591e+02 2.907621e+02 8.028807e+02
-2.621364e-05 7.252281e+02 2.907496e+02 8.028464e+02
-2.633745e-05 7.252093e+02 2.907421e+02 8.028256e+02
-2.650320e-05 7.251994e+02 2.907381e+02 8.028147e+02
-2.670971e-05 7.252317e+02 2.907511e+02 8.028504e+02
-2.695523e-05 7.252086e+02 2.907418e+02 8.028249e+02
-2.723798e-05 7.252553e+02 2.907605e+02 8.028765e+02
-2.755698e-05 7.252649e+02 2.907644e+02 8.028872e+02
-2.791083e-05 7.252279e+02 2.907496e+02 8.028462e+02
-2.829823e-05 7.252405e+02 2.907546e+02 8.028601e+02
-2.871926e-05 7.252377e+02 2.907535e+02 8.028570e+02
-2.917324e-05 7.252438e+02 2.907559e+02 8.028638e+02
-2.965871e-05 7.252691e+02 2.907661e+02 8.028918e+02
-3.017496e-05 7.252863e+02 2.907730e+02 8.029109e+02
-3.072171e-05 7.252892e+02 2.907741e+02 8.029140e+02
-3.129844e-05 7.252804e+02 2.907706e+02 8.029043e+02
-3.190482e-05 7.252482e+02 2.907577e+02 8.028686e+02
-3.254128e-05 7.252867e+02 2.907731e+02 8.029113e+02
-3.320812e-05 7.252755e+02 2.907686e+02 8.028989e+02
-3.390519e-05 7.252828e+02 2.907716e+02 8.029070e+02
-3.463147e-05 7.252708e+02 2.907668e+02 8.028937e+02
-3.538714e-05 7.252725e+02 2.907674e+02 8.028955e+02
-3.617276e-05 7.252677e+02 2.907655e+02 8.028902e+02
-3.698880e-05 7.252821e+02 2.907713e+02 8.029062e+02
-3.783552e-05 7.252742e+02 2.907681e+02 8.028975e+02
-3.871263e-05 7.252675e+02 2.907655e+02 8.028901e+02
-3.962040e-05 7.252484e+02 2.907578e+02 8.028688e+02
-4.055928e-05 7.252952e+02 2.907765e+02 8.029207e+02
-4.153061e-05 7.252731e+02 2.907677e+02 8.028962e+02
-4.253543e-05 7.252331e+02 2.907517e+02 8.028520e+02
-4.357369e-05 7.252408e+02 2.907547e+02 8.028605e+02
-4.464560e-05 7.252748e+02 2.907684e+02 8.028981e+02
-4.575353e-05 7.252724e+02 2.907674e+02 8.028954e+02
-4.689920e-05 7.252612e+02 2.907629e+02 8.028830e+02
-4.808392e-05 7.252763e+02 2.907690e+02 8.028998e+02
-4.931017e-05 7.252474e+02 2.907574e+02 8.028678e+02
-5.058005e-05 7.252147e+02 2.907443e+02 8.028315e+02
-5.189629e-05 7.252292e+02 2.907501e+02 8.028476e+02
-5.326252e-05 7.252053e+02 2.907405e+02 8.028211e+02
-5.468183e-05 7.252072e+02 2.907412e+02 8.028232e+02
-5.615688e-05 7.252179e+02 2.907455e+02 8.028351e+02
-5.769257e-05 7.252449e+02 2.907564e+02 8.028650e+02
-5.929509e-05 7.252144e+02 2.907441e+02 8.028312e+02
-6.097029e-05 7.252416e+02 2.907550e+02 8.028613e+02
-6.272285e-05 7.252327e+02 2.907515e+02 8.028515e+02
-6.455742e-05 7.252067e+02 2.907411e+02 8.028227e+02
-6.648104e-05 7.251667e+02 2.907250e+02 8.027784e+02
-6.850410e-05 7.251738e+02 2.907279e+02 8.027862e+02
-7.063812e-05 7.251570e+02 2.907211e+02 8.027677e+02
-7.289477e-05 7.250996e+02 2.906981e+02 8.027042e+02
-7.528744e-05 7.251061e+02 2.907007e+02 8.027113e+02
-7.783178e-05 7.250991e+02 2.906979e+02 8.027036e+02
-8.054331e-05 7.250708e+02 2.906866e+02 8.026722e+02
-8.344171e-05 7.250899e+02 2.906942e+02 8.026934e+02
-8.655043e-05 7.250895e+02 2.906941e+02 8.026929e+02
-8.989100e-05 7.251229e+02 2.907075e+02 8.027300e+02
-9.349034e-05 7.251283e+02 2.907096e+02 8.027360e+02
-9.738068e-05 7.251236e+02 2.907077e+02 8.027307e+02
-1.015948e-04 7.251396e+02 2.907141e+02 8.027484e+02
-1.061691e-04 7.251229e+02 2.907075e+02 8.027299e+02
-1.111456e-04 7.251348e+02 2.907122e+02 8.027431e+02
-1.165748e-04 7.251498e+02 2.907182e+02 8.027597e+02
-1.225145e-04 7.251536e+02 2.907198e+02 8.027639e+02
-1.290313e-04 7.251121e+02 2.907031e+02 8.027179e+02
-1.362011e-04 7.250947e+02 2.906961e+02 8.026987e+02
-1.441016e-04 7.251046e+02 2.907001e+02 8.027096e+02
